 Mh1   Mh2    ld345      cs_(fb)   
 65.0    66.0    1.0     6.1178E+00 
 70.0    71.0    1.0     2.2082E+00 
 75.0    76.0    1.0     1.2342E+00 
 80.0    81.0    1.0     8.0022E-01 
 85.0    86.0    1.0     5.6192E-01 
 90.0    91.0    1.0     4.1576E-01 
 95.0    96.0    1.0     3.1953E-01 
 100.0    101.0    1.0     2.5212E-01 
 105.0    106.0    1.0     2.0332E-01 
 110.0    111.0    1.0     1.6727E-01 
 115.0    116.0    1.0     1.3943E-01 
 120.0    121.0    1.0     1.1783E-01 
 125.0    126.0    1.0     1.0057E-01 
 130.0    131.0    1.0     8.6695E-02 
 135.0    136.0    1.0     7.5361E-02 
 140.0    141.0    1.0     6.6079E-02 
 145.0    146.0    1.0     5.8180E-02 
 150.0    151.0    1.0     5.1518E-02 
 155.0    156.0    1.0     4.5920E-02 
 160.0    161.0    1.0     4.1044E-02 
 165.0    166.0    1.0     3.6920E-02 
 170.0    171.0    1.0     3.3271E-02 
 175.0    176.0    1.0     3.0146E-02 
 180.0    181.0    1.0     2.7347E-02 
 185.0    186.0    1.0     2.4904E-02 
 190.0    191.0    1.0     2.2714E-02 
 195.0    196.0    1.0     2.0796E-02 
 200.0    201.0    1.0     1.9068E-02 
 205.0    206.0    1.0     1.7528E-02 
 210.0    211.0    1.0     1.6149E-02 
 215.0    216.0    1.0     1.4892E-02 
 220.0    221.0    1.0     1.3775E-02 
 225.0    226.0    1.0     1.2740E-02 
 230.0    231.0    1.0     1.1810E-02 
 235.0    236.0    1.0     1.0970E-02 
 240.0    241.0    1.0     1.0195E-02 
 245.0    246.0    1.0     9.4944E-03 
 250.0    251.0    1.0     8.8463E-03 
 255.0    256.0    1.0     8.2530E-03 
 260.0    261.0    1.0     7.7097E-03 
 265.0    266.0    1.0     7.2139E-03 
 270.0    271.0    1.0     6.7442E-03 
 275.0    276.0    1.0     6.3183E-03 
 280.0    281.0    1.0     5.9209E-03 
 285.0    286.0    1.0     5.5607E-03 
 290.0    291.0    1.0     5.2214E-03 
 295.0    296.0    1.0     4.9055E-03 
 300.0    301.0    1.0     4.6164E-03 
 305.0    306.0    1.0     4.3470E-03 
 310.0    311.0    1.0     4.0952E-03 
 315.0    316.0    1.0     3.8542E-03 
 320.0    321.0    1.0     3.6374E-03 
 325.0    326.0    1.0     3.4355E-03 
 330.0    331.0    1.0     3.2491E-03 
 335.0    336.0    1.0     3.0684E-03 
 340.0    341.0    1.0     2.8982E-03 
 345.0    346.0    1.0     2.7452E-03 
 350.0    351.0    1.0     2.5970E-03 
 355.0    356.0    1.0     2.4563E-03 
 360.0    361.0    1.0     2.3295E-03 
 365.0    366.0    1.0     2.2086E-03 
 370.0    371.0    1.0     2.0918E-03 
 375.0    376.0    1.0     1.9858E-03 
 380.0    381.0    1.0     1.8847E-03 
 385.0    386.0    1.0     1.7890E-03 
 390.0    391.0    1.0     1.6992E-03 
 395.0    396.0    1.0     1.6150E-03 
 400.0    401.0    1.0     1.5349E-03 
 405.0    406.0    1.0     1.4609E-03 
 410.0    411.0    1.0     1.3912E-03 
 415.0    416.0    1.0     1.3236E-03 
 420.0    421.0    1.0     1.2594E-03 
 425.0    426.0    1.0     1.2005E-03 
 430.0    431.0    1.0     1.1433E-03 
 435.0    436.0    1.0     1.0893E-03 
 440.0    441.0    1.0     1.0386E-03 
 445.0    446.0    1.0     9.9019E-04 
 450.0    451.0    1.0     9.4398E-04 
 455.0    456.0    1.0     9.0190E-04 
 460.0    461.0    1.0     8.5960E-04 
 465.0    466.0    1.0     8.2188E-04 
 470.0    471.0    1.0     7.8432E-04 
 475.0    476.0    1.0     7.4940E-04 
 480.0    481.0    1.0     7.1614E-04 
 485.0    486.0    1.0     6.8490E-04 
 490.0    491.0    1.0     6.5466E-04 
 495.0    496.0    1.0     6.2600E-04 
 500.0    501.0    1.0     5.9915E-04 
 505.0    506.0    1.0     5.7253E-04 
 510.0    511.0    1.0     5.4819E-04 
 515.0    516.0    1.0     5.2483E-04 
 520.0    521.0    1.0     5.0270E-04 
 525.0    526.0    1.0     4.8144E-04 
 530.0    531.0    1.0     4.6116E-04 
 535.0    536.0    1.0     4.4175E-04 
 540.0    541.0    1.0     4.2291E-04 
 545.0    546.0    1.0     4.0589E-04 
 550.0    551.0    1.0     3.8929E-04 
 555.0    556.0    1.0     3.7295E-04 
 560.0    561.0    1.0     3.5769E-04 
 565.0    566.0    1.0     3.4313E-04 
 570.0    571.0    1.0     3.2935E-04 
 575.0    576.0    1.0     3.1621E-04 
 580.0    581.0    1.0     3.0339E-04 
 585.0    586.0    1.0     2.9138E-04 
 590.0    591.0    1.0     2.7983E-04 
 595.0    596.0    1.0     2.6911E-04 
 600.0    601.0    1.0     2.5895E-04 
 605.0    606.0    1.0     2.4906E-04 
 610.0    611.0    1.0     2.3970E-04 
 615.0    616.0    1.0     2.3074E-04 
 620.0    621.0    1.0     2.2224E-04 
 625.0    626.0    1.0     2.1440E-04 
 630.0    631.0    1.0     2.0656E-04 
 635.0    636.0    1.0     1.9931E-04 
 640.0    641.0    1.0     1.9242E-04 
 645.0    646.0    1.0     1.8593E-04 
 650.0    651.0    1.0     1.7943E-04 
 655.0    656.0    1.0     1.7350E-04 
 660.0    661.0    1.0     1.6795E-04 
 665.0    666.0    1.0     1.6247E-04 
 670.0    671.0    1.0     1.5738E-04 
 675.0    676.0    1.0     1.5254E-04 
 680.0    681.0    1.0     1.4775E-04 
 685.0    686.0    1.0     1.4324E-04 
 690.0    691.0    1.0     1.3894E-04 
 695.0    696.0    1.0     1.3490E-04 
 700.0    701.0    1.0     1.3096E-04 
 705.0    706.0    1.0     1.2729E-04 
 710.0    711.0    1.0     1.2362E-04 
 715.0    716.0    1.0     1.2024E-04 
 720.0    721.0    1.0     1.1698E-04 
 725.0    726.0    1.0     1.1379E-04 
 730.0    731.0    1.0     1.1076E-04 
 735.0    736.0    1.0     1.0788E-04 
 740.0    741.0    1.0     1.0514E-04 
 745.0    746.0    1.0     1.0238E-04 
 750.0    751.0    1.0     9.9721E-05 
 755.0    756.0    1.0     9.7416E-05 
 760.0    761.0    1.0     9.4896E-05 
 765.0    766.0    1.0     9.2554E-05 
 770.0    771.0    1.0     9.0309E-05 
 775.0    776.0    1.0     8.8143E-05 
 780.0    781.0    1.0     8.6045E-05 
 785.0    786.0    1.0     8.4006E-05 
 790.0    791.0    1.0     8.2156E-05 
 795.0    796.0    1.0     8.0178E-05 
 800.0    801.0    1.0     7.8330E-05 
 805.0    806.0    1.0     7.6543E-05 
 810.0    811.0    1.0     7.4886E-05 
 815.0    816.0    1.0     7.3185E-05 
 820.0    821.0    1.0     7.1539E-05 
 825.0    826.0    1.0     7.0000E-05 
 830.0    831.0    1.0     6.8469E-05 
 835.0    836.0    1.0     6.6911E-05 
 840.0    841.0    1.0     6.5469E-05 
 845.0    846.0    1.0     6.4078E-05 
 850.0    851.0    1.0     6.2678E-05 
 855.0    856.0    1.0     6.1305E-05 
 860.0    861.0    1.0     6.0013E-05 
 865.0    866.0    1.0     5.8773E-05 
 870.0    871.0    1.0     5.7546E-05 
 875.0    876.0    1.0     5.6309E-05 
 880.0    881.0    1.0     5.5106E-05 
 885.0    886.0    1.0     5.3931E-05 
 890.0    891.0    1.0     5.2834E-05 
 895.0    896.0    1.0     5.1697E-05 
 900.0    901.0    1.0     5.0640E-05 
 905.0    906.0    1.0     4.9608E-05 
 910.0    911.0    1.0     4.8581E-05 
 915.0    916.0    1.0     4.7577E-05 
 920.0    921.0    1.0     4.6606E-05 
 925.0    926.0    1.0     4.5650E-05 
 930.0    931.0    1.0     4.4637E-05 
 935.0    936.0    1.0     4.3795E-05 
 940.0    941.0    1.0     4.2823E-05 
 945.0    946.0    1.0     4.1928E-05 
 950.0    951.0    1.0     4.1103E-05 
 955.0    956.0    1.0     4.0213E-05 
 960.0    961.0    1.0     3.9380E-05 
 965.0    966.0    1.0     3.8560E-05 
 970.0    971.0    1.0     3.7840E-05 
 975.0    976.0    1.0     3.6996E-05 
 980.0    981.0    1.0     3.6236E-05 
 985.0    986.0    1.0     3.5459E-05 
 990.0    991.0    1.0     3.4779E-05 
 995.0    996.0    1.0     3.4043E-05 
 1000.0    1001.0    1.0     3.3355E-05 
