 Mv1   lamL      cs_(fb)   
 65.0    1.0    7.3972E+03 
 70.0    1.0    4.1746E+03 
 75.0    1.0    2.4553E+03 
 80.0    1.0    1.4999E+03 
 85.0    1.0    9.4554E+02 
 90.0    1.0    6.1453E+02 
 95.0    1.0    4.0893E+02 
 100.0    1.0    2.7926E+02 
 105.0    1.0    1.9437E+02 
 110.0    1.0    1.3803E+02 
 115.0    1.0    9.9615E+01 
 120.0    1.0    7.3114E+01 
 125.0    1.0    5.4457E+01 
 130.0    1.0    4.1107E+01 
 135.0    1.0    3.1479E+01 
 140.0    1.0    2.4349E+01 
 145.0    1.0    1.9058E+01 
 150.0    1.0    1.5063E+01 
 155.0    1.0    1.2000E+01 
 160.0    1.0    9.6586E+00 
 165.0    1.0    7.8290E+00 
 170.0    1.0    6.4049E+00 
 175.0    1.0    5.2771E+00 
 180.0    1.0    4.3698E+00 
 185.0    1.0    3.6428E+00 
 190.0    1.0    3.0627E+00 
 195.0    1.0    2.5856E+00 
 200.0    1.0    2.1943E+00 
 205.0    1.0    1.8703E+00 
 210.0    1.0    1.6044E+00 
 215.0    1.0    1.3784E+00 
 220.0    1.0    1.1930E+00 
 225.0    1.0    1.0366E+00 
 230.0    1.0    9.0271E-01 
 235.0    1.0    7.8872E-01 
 240.0    1.0    6.9268E-01 
 245.0    1.0    6.0969E-01 
 250.0    1.0    5.3861E-01 
 255.0    1.0    4.7703E-01 
 260.0    1.0    4.2380E-01 
 265.0    1.0    3.7761E-01 
 270.0    1.0    3.3746E-01 
 275.0    1.0    3.0168E-01 
 280.0    1.0    2.7106E-01 
 285.0    1.0    2.4379E-01 
 290.0    1.0    2.1956E-01 
 295.0    1.0    1.9804E-01 
 300.0    1.0    1.7932E-01 
 305.0    1.0    1.6245E-01 
 310.0    1.0    1.4776E-01 
 315.0    1.0    1.3415E-01 
 320.0    1.0    1.2232E-01 
 325.0    1.0    1.1143E-01 
 330.0    1.0    1.0206E-01 
 335.0    1.0    9.3289E-02 
 340.0    1.0    8.5483E-02 
 345.0    1.0    7.8564E-02 
 350.0    1.0    7.2132E-02 
 355.0    1.0    6.6357E-02 
 360.0    1.0    6.1161E-02 
 365.0    1.0    5.6278E-02 
 370.0    1.0    5.2021E-02 
 375.0    1.0    4.8143E-02 
 380.0    1.0    4.4431E-02 
 385.0    1.0    4.1171E-02 
 390.0    1.0    3.8151E-02 
 395.0    1.0    3.5435E-02 
 400.0    1.0    3.2824E-02 
 405.0    1.0    3.0563E-02 
 410.0    1.0    2.8475E-02 
 415.0    1.0    2.6480E-02 
 420.0    1.0    2.4677E-02 
 425.0    1.0    2.3027E-02 
 430.0    1.0    2.1454E-02 
 435.0    1.0    2.0083E-02 
 440.0    1.0    1.8740E-02 
 445.0    1.0    1.7522E-02 
 450.0    1.0    1.6414E-02 
 455.0    1.0    1.5357E-02 
 460.0    1.0    1.4389E-02 
 465.0    1.0    1.3490E-02 
 470.0    1.0    1.2650E-02 
 475.0    1.0    1.1883E-02 
 480.0    1.0    1.1166E-02 
 485.0    1.0    1.0509E-02 
 490.0    1.0    9.8707E-03 
 495.0    1.0    9.2768E-03 
 500.0    1.0    8.7351E-03 
 505.0    1.0    8.2205E-03 
 510.0    1.0    7.7378E-03 
 515.0    1.0    7.2971E-03 
 520.0    1.0    6.8845E-03 
 525.0    1.0    6.4959E-03 
 530.0    1.0    6.1371E-03 
 535.0    1.0    5.7900E-03 
 540.0    1.0    5.4688E-03 
 545.0    1.0    5.1679E-03 
 550.0    1.0    4.8811E-03 
 555.0    1.0    4.6241E-03 
 560.0    1.0    4.3744E-03 
 565.0    1.0    4.1347E-03 
 570.0    1.0    3.9162E-03 
 575.0    1.0    3.7114E-03 
 580.0    1.0    3.5161E-03 
 585.0    1.0    3.3338E-03 
 590.0    1.0    3.1618E-03 
 595.0    1.0    3.0014E-03 
 600.0    1.0    2.8484E-03 
 605.0    1.0    2.6986E-03 
 610.0    1.0    2.5647E-03 
 615.0    1.0    2.4347E-03 
 620.0    1.0    2.3119E-03 
 625.0    1.0    2.1972E-03 
 630.0    1.0    2.0886E-03 
 635.0    1.0    1.9845E-03 
 640.0    1.0    1.8891E-03 
 645.0    1.0    1.7993E-03 
 650.0    1.0    1.7087E-03 
 655.0    1.0    1.6280E-03 
 660.0    1.0    1.5495E-03 
 665.0    1.0    1.4754E-03 
 670.0    1.0    1.4067E-03 
 675.0    1.0    1.3397E-03 
 680.0    1.0    1.2778E-03 
 685.0    1.0    1.2168E-03 
 690.0    1.0    1.1612E-03 
 695.0    1.0    1.1068E-03 
 700.0    1.0    1.0556E-03 
 705.0    1.0    1.0066E-03 
 710.0    1.0    9.6256E-04 
 715.0    1.0    9.1807E-04 
 720.0    1.0    8.7585E-04 
 725.0    1.0    8.3640E-04 
 730.0    1.0    7.9909E-04 
 735.0    1.0    7.6300E-04 
 740.0    1.0    7.2932E-04 
 745.0    1.0    6.9638E-04 
 750.0    1.0    6.6635E-04 
 755.0    1.0    6.3716E-04 
 760.0    1.0    6.0862E-04 
 765.0    1.0    5.8210E-04 
 770.0    1.0    5.5685E-04 
 775.0    1.0    5.3359E-04 
 780.0    1.0    5.0991E-04 
 785.0    1.0    4.8770E-04 
 790.0    1.0    4.6704E-04 
 795.0    1.0    4.4719E-04 
 800.0    1.0    4.2838E-04 
 805.0    1.0    4.1015E-04 
 810.0    1.0    3.9282E-04 
 815.0    1.0    3.7679E-04 
 820.0    1.0    3.6049E-04 
 825.0    1.0    3.4540E-04 
 830.0    1.0    3.3077E-04 
 835.0    1.0    3.1707E-04 
 840.0    1.0    3.0439E-04 
 845.0    1.0    2.9188E-04 
 850.0    1.0    2.7957E-04 
 855.0    1.0    2.6823E-04 
 860.0    1.0    2.5748E-04 
 865.0    1.0    2.4697E-04 
 870.0    1.0    2.3682E-04 
 875.0    1.0    2.2730E-04 
 880.0    1.0    2.1821E-04 
 885.0    1.0    2.0951E-04 
 890.0    1.0    2.0098E-04 
 895.0    1.0    1.9289E-04 
 900.0    1.0    1.8531E-04 
 905.0    1.0    1.7779E-04 
 910.0    1.0    1.7081E-04 
 915.0    1.0    1.6424E-04 
 920.0    1.0    1.5779E-04 
 925.0    1.0    1.5138E-04 
 930.0    1.0    1.4542E-04 
 935.0    1.0    1.3985E-04 
 940.0    1.0    1.3447E-04 
 945.0    1.0    1.2924E-04 
 950.0    1.0    1.2431E-04 
 955.0    1.0    1.1947E-04 
 960.0    1.0    1.1478E-04 
 965.0    1.0    1.1045E-04 
 970.0    1.0    1.0622E-04 
 975.0    1.0    1.0219E-04 
 980.0    1.0    9.8288E-05 
 985.0    1.0    9.4415E-05 
 990.0    1.0    9.0927E-05 
 995.0    1.0    8.7481E-05 
 1000.0    1.0    8.4099E-05 
