#title e1,E1 ->~v1,~v2
#yName Diff. cross section [pb]{c} 
#xName cos(p1,p3)
#xMin -9.990000E-01
#xMax 9.990000E-01
#xDim  100
#xScale 0
#---   starting of data ---
#  Diff. cross 
 9.301116E+01  
 2.524955E+02  
 4.087251E+02  
 5.616999E+02  
 7.114199E+02  
 8.578852E+02  
 1.001096E+03  
 1.141051E+03  
 1.277752E+03  
 1.411198E+03  
 1.541390E+03  
 1.668326E+03  
 1.792008E+03  
 1.912435E+03  
 2.029607E+03  
 2.143524E+03  
 2.254187E+03  
 2.361595E+03  
 2.465748E+03  
 2.566646E+03  
 2.664290E+03  
 2.758678E+03  
 2.849812E+03  
 2.937691E+03  
 3.022316E+03  
 3.103685E+03  
 3.181800E+03  
 3.256660E+03  
 3.328265E+03  
 3.396616E+03  
 3.461712E+03  
 3.523552E+03  
 3.582139E+03  
 3.637470E+03  
 3.689546E+03  
 3.738368E+03  
 3.783935E+03  
 3.826247E+03  
 3.865305E+03  
 3.901107E+03  
 3.933655E+03  
 3.962948E+03  
 3.988986E+03  
 4.011770E+03  
 4.031299E+03  
 4.047572E+03  
 4.060592E+03  
 4.070356E+03  
 4.076866E+03  
 4.080120E+03  
 4.080120E+03  
 4.076866E+03  
 4.070356E+03  
 4.060592E+03  
 4.047572E+03  
 4.031299E+03  
 4.011770E+03  
 3.988986E+03  
 3.962948E+03  
 3.933655E+03  
 3.901107E+03  
 3.865305E+03  
 3.826247E+03  
 3.783935E+03  
 3.738368E+03  
 3.689546E+03  
 3.637470E+03  
 3.582139E+03  
 3.523552E+03  
 3.461712E+03  
 3.396616E+03  
 3.328265E+03  
 3.256660E+03  
 3.181800E+03  
 3.103685E+03  
 3.022316E+03  
 2.937691E+03  
 2.849812E+03  
 2.758678E+03  
 2.664290E+03  
 2.566646E+03  
 2.465748E+03  
 2.361595E+03  
 2.254187E+03  
 2.143524E+03  
 2.029607E+03  
 1.912435E+03  
 1.792008E+03  
 1.668326E+03  
 1.541390E+03  
 1.411198E+03  
 1.277752E+03  
 1.141051E+03  
 1.001096E+03  
 8.578852E+02  
 7.114199E+02  
 5.616999E+02  
 4.087251E+02  
 2.524955E+02  
 9.301116E+01  
