 Mv1       Mv2        Mvp         lamL       alpha2      alpha3        Omega        protonSI      Br(H->v1v1)     Br(H->v2v2)     Br(H->v-v+)     Br(H->AA)      Width_H   
72.78   367.38    224.00   -4.780E-02   -4.492E-02   4.492E-02     1.178E-01     3.706E-09      0.000E+00       0.000E+00       0.000E+00      9.020E-03      4.296E-03 
69.90   446.04    89.82   3.969E-02   7.078E-01   -7.078E-01     1.195E-01     2.767E-09      0.000E+00       0.000E+00       0.000E+00      3.860E-03      4.274E-03 
73.91   931.60    846.96   -3.118E-02   -8.132E-01   8.132E-01     1.176E-01     1.529E-09      0.000E+00       0.000E+00       0.000E+00      9.567E-03      4.299E-03 
74.94   643.59    676.81   -7.230E-03   1.415E-01   -1.415E-01     1.194E-01     8.003E-11      0.000E+00       0.000E+00       0.000E+00      9.520E-03      4.299E-03 
64.02   646.74    172.00   -3.330E-02   8.742E-01   -8.742E-01     1.179E-01     2.317E-09      0.000E+00       0.000E+00       0.000E+00      8.858E-03      4.296E-03 
73.76   383.08    478.28   -3.258E-02   -7.778E-01   7.778E-01     1.192E-01     1.676E-09      0.000E+00       0.000E+00       0.000E+00      9.461E-03      4.298E-03 
75.20   818.67    455.63   8.853E-04   -8.013E-01   8.013E-01     1.189E-01     1.192E-12      0.000E+00       0.000E+00       0.000E+00      9.389E-03      4.298E-03 
64.28   209.21    113.91   -3.760E-02   -4.707E-01   4.707E-01     1.181E-01     2.929E-09      0.000E+00       0.000E+00       0.000E+00      7.966E-03      4.292E-03 
74.74   653.53    343.00   -1.167E-02   -2.565E-02   2.565E-02     1.177E-01     2.097E-10      0.000E+00       0.000E+00       0.000E+00      9.251E-03      4.297E-03 
64.24   661.78    807.92   -3.572E-02   1.697E-01   -1.697E-01     1.186E-01     2.648E-09      0.000E+00       0.000E+00       0.000E+00      9.584E-03      4.299E-03 
64.68   795.50    365.03   -4.200E-02   3.928E-01   -3.928E-01     1.177E-01     3.611E-09      0.000E+00       0.000E+00       0.000E+00      9.461E-03      4.298E-03 
75.63   874.10    981.46   1.322E-02   3.183E-01   -3.183E-01     1.188E-01     2.627E-10      0.000E+00       0.000E+00       0.000E+00      9.564E-03      4.299E-03 
64.31   138.33    141.45   -3.809E-02   -8.946E-01   8.946E-01     1.176E-01     3.003E-09      0.000E+00       0.000E+00       0.000E+00      8.547E-03      4.294E-03 
64.89   479.18    859.91   -4.450E-02   8.768E-02   -8.768E-02     1.177E-01     4.027E-09      0.000E+00       0.000E+00       0.000E+00      9.590E-03      4.299E-03 
74.10   467.49    404.64   -2.637E-02   9.955E-01   -9.955E-01     1.187E-01     1.088E-09      0.000E+00       0.000E+00       0.000E+00      9.385E-03      4.298E-03 
75.70   872.95    681.82   1.564E-02   2.567E-01   -2.567E-01     1.179E-01     3.672E-10      0.000E+00       0.000E+00       0.000E+00      9.505E-03      4.299E-03 
75.23   774.69    775.99   -5.291E-04   6.396E-01   -6.396E-01     1.181E-01     4.254E-13      0.000E+00       0.000E+00       0.000E+00      9.539E-03      4.299E-03 
73.75   940.63    413.82   -3.303E-02   -4.107E-01   4.107E-01     1.188E-01     1.724E-09      0.000E+00       0.000E+00       0.000E+00      9.409E-03      4.298E-03 
65.21   77.58    728.90   -3.384E-02   -9.945E-01   9.945E-01     1.184E-01     2.307E-09      0.000E+00       0.000E+00       0.000E+00      9.573E-03      4.299E-03 
73.94   983.05    467.49   -2.933E-02   -2.629E-01   2.629E-01     1.192E-01     1.352E-09      0.000E+00       0.000E+00       0.000E+00      9.448E-03      4.298E-03 
72.67   371.63    685.88   -4.988E-02   -6.212E-01   6.212E-01     1.176E-01     4.047E-09      0.000E+00       0.000E+00       0.000E+00      9.555E-03      4.299E-03 
75.31   932.80    690.66   3.295E-03   -5.580E-01   5.580E-01     1.195E-01     1.646E-11      0.000E+00       0.000E+00       0.000E+00      9.516E-03      4.299E-03 
73.06   460.96    481.46   -4.453E-02   9.874E-02   -9.874E-02     1.180E-01     3.192E-09      0.000E+00       0.000E+00       0.000E+00      9.482E-03      4.298E-03 
74.63   745.00    429.24   -1.581E-02   -2.164E-01   2.164E-01     1.176E-01     3.859E-10      0.000E+00       0.000E+00       0.000E+00      9.390E-03      4.298E-03 
75.69   586.53    621.86   1.644E-02   -1.241E-01   1.241E-01     1.184E-01     4.056E-10      0.000E+00       0.000E+00       0.000E+00      9.481E-03      4.298E-03 
74.45   214.10    840.57   -1.923E-02   -2.754E-01   2.754E-01     1.188E-01     5.736E-10      0.000E+00       0.000E+00       0.000E+00      9.560E-03      4.299E-03 
75.81   764.99    688.23   2.129E-02   4.095E-01   -4.095E-01     1.186E-01     6.782E-10      0.000E+00       0.000E+00       0.000E+00      9.503E-03      4.299E-03 
75.21   566.25    634.59   -5.246E-04   -9.135E-01   9.135E-01     1.182E-01     4.183E-13      0.000E+00       0.000E+00       0.000E+00      9.501E-03      4.299E-03 
74.23   497.40    786.36   -2.534E-02   -6.309E-01   6.309E-01     1.175E-01     1.002E-09      0.000E+00       0.000E+00       0.000E+00      9.555E-03      4.299E-03 
71.55   116.61    126.15   -4.787E-02   5.978E-02   -5.978E-02     1.187E-01     3.844E-09      0.000E+00       0.000E+00       0.000E+00      7.857E-03      4.291E-03 
75.71   165.88    779.55   2.121E-02   4.940E-02   -4.940E-02     1.191E-01     6.748E-10      0.000E+00       0.000E+00       0.000E+00      9.529E-03      4.299E-03 
72.89   434.68    592.00   -4.581E-02   5.918E-01   -5.918E-01     1.193E-01     3.394E-09      0.000E+00       0.000E+00       0.000E+00      9.530E-03      4.299E-03 
75.26   581.65    359.15   3.764E-03   9.383E-01   -9.383E-01     1.173E-01     2.151E-11      0.000E+00       0.000E+00       0.000E+00      9.243E-03      4.297E-03 
74.13   609.76    302.25   -2.536E-02   -1.553E-02   1.553E-02     1.179E-01     1.006E-09      0.000E+00       0.000E+00       0.000E+00      9.198E-03      4.297E-03 
66.97   77.83    701.62   4.307E-02   -9.141E-02   9.141E-02     1.183E-01     3.546E-09      0.000E+00       0.000E+00       0.000E+00      9.520E-03      4.299E-03 
75.04   131.34    391.10   2.177E-03   6.327E-01   -6.327E-01     1.178E-01     7.239E-12      0.000E+00       0.000E+00       0.000E+00      9.307E-03      4.298E-03 
75.44   658.79    825.41   5.464E-03   -8.874E-01   8.874E-01     1.174E-01     4.510E-11      0.000E+00       0.000E+00       0.000E+00      9.546E-03      4.299E-03 
73.45   569.20    788.52   -3.794E-02   -5.993E-01   5.993E-01     1.189E-01     2.293E-09      0.000E+00       0.000E+00       0.000E+00      9.563E-03      4.299E-03 
73.40   658.20    382.60   -3.825E-02   -3.004E-01   3.004E-01     1.194E-01     2.334E-09      0.000E+00       0.000E+00       0.000E+00      9.388E-03      4.298E-03 
73.85   215.36    180.64   -1.800E-02   -5.889E-01   5.889E-01     1.183E-01     5.108E-10      0.000E+00       0.000E+00       0.000E+00      8.400E-03      4.294E-03 
74.03   387.09    998.00   -2.875E-02   -5.558E-01   5.558E-01     1.179E-01     1.296E-09      0.000E+00       0.000E+00       0.000E+00      9.580E-03      4.299E-03 
73.01   626.10    934.77   -4.499E-02   -4.338E-01   4.338E-01     1.180E-01     3.263E-09      0.000E+00       0.000E+00       0.000E+00      9.582E-03      4.299E-03 
73.32   410.99    472.38   -4.090E-02   -5.388E-01   5.388E-01     1.178E-01     2.674E-09      0.000E+00       0.000E+00       0.000E+00      9.471E-03      4.298E-03 
73.83   196.59    462.46   -3.259E-02   -8.497E-01   8.497E-01     1.172E-01     1.675E-09      0.000E+00       0.000E+00       0.000E+00      9.450E-03      4.298E-03 
74.94   932.51    483.93   -8.398E-03   1.365E-02   -1.365E-02     1.173E-01     1.080E-10      0.000E+00       0.000E+00       0.000E+00      9.428E-03      4.298E-03 
73.53   543.67    555.26   -3.642E-02   8.592E-01   -8.592E-01     1.193E-01     2.108E-09      0.000E+00       0.000E+00       0.000E+00      9.506E-03      4.299E-03 
74.75   324.69    415.55   -1.114E-02   2.005E-01   -2.005E-01     1.190E-01     1.910E-10      0.000E+00       0.000E+00       0.000E+00      9.366E-03      4.298E-03 
73.25   317.17    147.72   -2.059E-02   -2.034E-01   2.034E-01     1.173E-01     6.792E-10      0.000E+00       0.000E+00       0.000E+00      7.879E-03      4.292E-03 
74.05   187.63    386.63   -2.732E-02   -2.793E-02   2.793E-02     1.178E-01     1.170E-09      0.000E+00       0.000E+00       0.000E+00      9.365E-03      4.298E-03 
72.78   838.64    656.31   -4.841E-02   -2.899E-01   2.899E-01     1.176E-01     3.801E-09      0.000E+00       0.000E+00       0.000E+00      9.548E-03      4.299E-03 
73.42   187.50    267.64   -3.709E-02   4.825E-01   -4.825E-01     1.191E-01     2.193E-09      0.000E+00       0.000E+00       0.000E+00      9.143E-03      4.297E-03 
64.48   602.74    305.17   4.973E-02   4.644E-01   -4.644E-01     1.196E-01     5.094E-09      0.000E+00       0.000E+00       0.000E+00      9.116E-03      4.297E-03 
75.41   744.69    439.82   7.633E-03   -3.653E-02   3.653E-02     1.180E-01     8.812E-11      0.000E+00       0.000E+00       0.000E+00      9.361E-03      4.298E-03 
65.80   420.77    78.80   -1.502E-02   -9.775E-01   9.775E-01     1.190E-01     4.466E-10      0.000E+00       0.000E+00       0.000E+00      4.959E-03      4.279E-03 
73.32   727.50    323.63   -3.983E-02   8.786E-01   -8.786E-01     1.188E-01     2.535E-09      0.000E+00       0.000E+00       0.000E+00      9.301E-03      4.298E-03 
75.63   374.44    344.59   2.079E-02   -5.985E-01   5.985E-01     1.178E-01     6.498E-10      0.000E+00       0.000E+00       0.000E+00      9.166E-03      4.297E-03 
74.72   382.30    684.66   -1.324E-02   -9.908E-01   9.908E-01     1.189E-01     2.700E-10      0.000E+00       0.000E+00       0.000E+00      9.526E-03      4.299E-03 
74.58   532.04    598.24   -1.606E-02   6.904E-01   -6.904E-01     1.195E-01     3.989E-10      0.000E+00       0.000E+00       0.000E+00      9.501E-03      4.299E-03 
75.64   722.37    761.87   1.452E-02   4.034E-01   -4.034E-01     1.192E-01     3.170E-10      0.000E+00       0.000E+00       0.000E+00      9.528E-03      4.299E-03 
65.56   76.17    827.18   -1.211E-02   -1.478E-03   1.478E-03     1.177E-01     2.923E-10      0.000E+00       0.000E+00       0.000E+00      9.573E-03      4.299E-03 
75.07   351.73    939.13   -5.091E-03   -9.091E-01   9.091E-01     1.183E-01     3.955E-11      0.000E+00       0.000E+00       0.000E+00      9.566E-03      4.299E-03 
75.94   637.67    859.93   2.578E-02   -2.956E-01   2.956E-01     1.185E-01     9.914E-10      0.000E+00       0.000E+00       0.000E+00      9.542E-03      4.299E-03 
64.30   447.01    615.91   -3.654E-02   5.376E-01   -5.376E-01     1.189E-01     2.766E-09      0.000E+00       0.000E+00       0.000E+00      9.560E-03      4.299E-03 
63.08   910.20    814.33   2.044E-02   -6.015E-01   6.015E-01     1.194E-01     8.989E-10      0.000E+00       0.000E+00       0.000E+00      9.562E-03      4.299E-03 
63.42   79.78    304.89   -2.201E-02   -9.319E-01   9.319E-01     1.194E-01     1.031E-09      0.000E+00       0.000E+00       0.000E+00      9.349E-03      4.298E-03 
64.89   403.14    373.74   -4.455E-02   3.143E-01   -3.143E-01     1.183E-01     4.037E-09      0.000E+00       0.000E+00       0.000E+00      9.472E-03      4.298E-03 
65.09   420.11    143.47   -4.829E-02   2.394E-01   -2.394E-01     1.177E-01     4.714E-09      0.000E+00       0.000E+00       0.000E+00      8.670E-03      4.295E-03 
62.76   899.54    484.19   1.217E-02   5.332E-01   -5.332E-01     1.193E-01     3.216E-10      0.000E+00       0.000E+00       0.000E+00      9.473E-03      4.298E-03 
75.80   911.13    855.79   1.924E-02   -2.224E-01   2.224E-01     1.178E-01     5.543E-10      0.000E+00       0.000E+00       0.000E+00      9.544E-03      4.299E-03 
63.18   464.62    354.75   2.258E-02   -6.634E-01   6.634E-01     1.192E-01     1.093E-09      0.000E+00       0.000E+00       0.000E+00      9.320E-03      4.298E-03 
72.78   409.60    392.63   -4.798E-02   1.003E-01   -1.003E-01     1.189E-01     3.734E-09      0.000E+00       0.000E+00       0.000E+00      9.423E-03      4.298E-03 
72.71   900.73    800.21   -4.785E-02   -4.452E-01   4.452E-01     1.194E-01     3.721E-09      0.000E+00       0.000E+00       0.000E+00      9.571E-03      4.299E-03 
73.37   90.04    171.94   1.640E-02   -1.436E-01   1.436E-01     1.179E-01     4.296E-10      0.000E+00       0.000E+00       0.000E+00      7.981E-03      4.292E-03 
73.36   306.89    154.58   -2.197E-02   4.171E-01   -4.171E-01     1.176E-01     7.705E-10      0.000E+00       0.000E+00       0.000E+00      8.037E-03      4.292E-03 
65.04   640.76    303.62   -4.672E-02   5.868E-01   -5.868E-01     1.174E-01     4.420E-09      0.000E+00       0.000E+00       0.000E+00      9.401E-03      4.298E-03 
71.56   490.42    103.25   1.110E-02   -7.879E-01   7.879E-01     1.181E-01     2.066E-10      0.000E+00       0.000E+00       0.000E+00      5.593E-03      4.282E-03 
73.43   609.99    319.09   -3.795E-02   -7.256E-02   7.256E-02     1.190E-01     2.295E-09      0.000E+00       0.000E+00       0.000E+00      9.286E-03      4.298E-03 
75.53   599.59    394.75   1.404E-02   -2.080E-01   2.080E-01     1.185E-01     2.972E-10      0.000E+00       0.000E+00       0.000E+00      9.286E-03      4.298E-03 
73.65   838.03    320.98   -3.449E-02   -4.094E-01   4.094E-01     1.186E-01     1.885E-09      0.000E+00       0.000E+00       0.000E+00      9.277E-03      4.298E-03 
72.86   814.95    123.39   2.710E-02   -2.751E-01   2.751E-01     1.173E-01     1.189E-09      0.000E+00       0.000E+00       0.000E+00      6.375E-03      4.285E-03 
64.00   283.14    810.74   4.076E-02   9.679E-01   -9.679E-01     1.180E-01     3.473E-09      0.000E+00       0.000E+00       0.000E+00      9.551E-03      4.299E-03 
74.41   508.94    826.62   -2.130E-02   -8.640E-02   8.640E-02     1.180E-01     7.048E-10      0.000E+00       0.000E+00       0.000E+00      9.559E-03      4.299E-03 
72.79   495.94    682.28   -4.844E-02   -6.525E-01   6.525E-01     1.175E-01     3.806E-09      0.000E+00       0.000E+00       0.000E+00      9.554E-03      4.299E-03 
75.42   468.93    513.58   7.285E-03   8.049E-01   -8.049E-01     1.185E-01     8.024E-11      0.000E+00       0.000E+00       0.000E+00      9.429E-03      4.298E-03 
73.86   310.09    331.43   -3.139E-02   9.212E-01   -9.212E-01     1.178E-01     1.553E-09      0.000E+00       0.000E+00       0.000E+00      9.287E-03      4.298E-03 
64.67   583.78    287.07   -4.205E-02   8.296E-01   -8.296E-01     1.178E-01     3.622E-09      0.000E+00       0.000E+00       0.000E+00      9.365E-03      4.298E-03 
73.16   431.71    838.67   -4.354E-02   -7.560E-02   7.560E-02     1.172E-01     3.044E-09      0.000E+00       0.000E+00       0.000E+00      9.573E-03      4.299E-03 
73.24   729.77    576.85   -4.225E-02   -3.876E-01   3.876E-01     1.174E-01     2.859E-09      0.000E+00       0.000E+00       0.000E+00      9.521E-03      4.299E-03 
72.84   774.35    729.49   -4.766E-02   -8.238E-01   8.238E-01     1.176E-01     3.679E-09      0.000E+00       0.000E+00       0.000E+00      9.561E-03      4.299E-03 
73.84   148.69    914.65   -3.104E-02   -2.550E-01   2.550E-01     1.175E-01     1.519E-09      0.000E+00       0.000E+00       0.000E+00      9.574E-03      4.299E-03 
73.82   278.10    780.66   -3.243E-02   -7.747E-01   7.747E-01     1.179E-01     1.659E-09      0.000E+00       0.000E+00       0.000E+00      9.559E-03      4.299E-03 
73.44   968.52    561.13   -3.748E-02   2.190E-01   -2.190E-01     1.196E-01     2.238E-09      0.000E+00       0.000E+00       0.000E+00      9.510E-03      4.299E-03 
73.02   951.92    496.55   -4.414E-02   -3.488E-01   3.488E-01     1.191E-01     3.140E-09      0.000E+00       0.000E+00       0.000E+00      9.490E-03      4.299E-03 
73.21   646.85    148.07   -2.156E-02   2.011E-01   -2.011E-01     1.179E-01     7.456E-10      0.000E+00       0.000E+00       0.000E+00      7.902E-03      4.292E-03 
71.98   742.27    134.71   -4.624E-02   -9.388E-01   9.388E-01     1.181E-01     3.545E-09      0.000E+00       0.000E+00       0.000E+00      8.014E-03      4.292E-03 
74.20   378.86    900.40   -2.436E-02   -4.723E-01   4.723E-01     1.193E-01     9.265E-10      0.000E+00       0.000E+00       0.000E+00      9.570E-03      4.299E-03 
73.48   476.08    196.92   -3.253E-02   1.439E-01   -1.439E-01     1.182E-01     1.685E-09      0.000E+00       0.000E+00       0.000E+00      8.709E-03      4.295E-03 
72.84   211.42    243.44   -4.759E-02   -8.407E-01   8.407E-01     1.176E-01     3.668E-09      0.000E+00       0.000E+00       0.000E+00      9.109E-03      4.297E-03 
72.84   756.54    206.34   -4.515E-02   -2.725E-01   2.725E-01     1.187E-01     3.301E-09      0.000E+00       0.000E+00       0.000E+00      8.894E-03      4.296E-03 
70.20   663.81    92.59   4.530E-02   -9.448E-01   9.448E-01     1.192E-01     3.574E-09      0.000E+00       0.000E+00       0.000E+00      3.987E-03      4.275E-03 
74.36   889.55    262.24   -1.874E-02   -8.608E-01   8.608E-01     1.172E-01     5.458E-10      0.000E+00       0.000E+00       0.000E+00      9.028E-03      4.297E-03 
63.98   826.88    126.28   3.770E-02   1.880E-01   -1.880E-01     1.193E-01     2.972E-09      0.000E+00       0.000E+00       0.000E+00      7.010E-03      4.288E-03 
65.16   693.90    126.30   -4.881E-02   -5.165E-01   5.165E-01     1.192E-01     4.806E-09      0.000E+00       0.000E+00       0.000E+00      8.402E-03      4.294E-03 
72.90   537.25    381.35   -4.587E-02   1.123E-01   -1.123E-01     1.193E-01     3.403E-09      0.000E+00       0.000E+00       0.000E+00      9.406E-03      4.298E-03 
73.06   589.59    394.95   -4.493E-02   -8.258E-01   8.258E-01     1.176E-01     3.250E-09      0.000E+00       0.000E+00       0.000E+00      9.417E-03      4.298E-03 
73.73   135.96    166.19   -1.121E-02   -1.054E-01   1.054E-01     1.182E-01     1.986E-10      0.000E+00       0.000E+00       0.000E+00      8.122E-03      4.293E-03 
73.64   248.05    209.69   -3.014E-02   3.872E-01   -3.872E-01     1.186E-01     1.440E-09      0.000E+00       0.000E+00       0.000E+00      8.795E-03      4.295E-03 
72.46   116.97    618.37   -4.969E-02   -8.561E-01   8.561E-01     1.189E-01     4.041E-09      0.000E+00       0.000E+00       0.000E+00      9.542E-03      4.299E-03 
75.64   154.39    494.04   2.159E-02   9.683E-01   -9.683E-01     1.188E-01     7.008E-10      0.000E+00       0.000E+00       0.000E+00      9.396E-03      4.298E-03 
63.69   511.22    348.06   -2.790E-02   -6.803E-01   6.803E-01     1.173E-01     1.643E-09      0.000E+00       0.000E+00       0.000E+00      9.422E-03      4.298E-03 
73.47   261.04    713.62   -3.757E-02   6.572E-01   -6.572E-01     1.188E-01     2.247E-09      0.000E+00       0.000E+00       0.000E+00      9.551E-03      4.299E-03 
62.59   234.78    244.22   6.470E-03   6.165E-01   -6.165E-01     1.172E-01     9.145E-11      0.000E+00       0.000E+00       0.000E+00      9.080E-03      4.297E-03 
73.17   155.72    165.98   -2.972E-02   -2.071E-01   2.071E-01     1.194E-01     1.418E-09      0.000E+00       0.000E+00       0.000E+00      8.330E-03      4.293E-03 
74.62   947.36    970.38   -1.579E-02   -3.534E-01   3.534E-01     1.190E-01     3.850E-10      0.000E+00       0.000E+00       0.000E+00      9.573E-03      4.299E-03 
63.66   935.75    919.73   -2.721E-02   5.973E-01   -5.973E-01     1.177E-01     1.564E-09      0.000E+00       0.000E+00       0.000E+00      9.590E-03      4.299E-03 
75.02   794.23    211.13   1.788E-02   9.302E-01   -9.302E-01     1.186E-01     4.882E-10      0.000E+00       0.000E+00       0.000E+00      8.463E-03      4.294E-03 
75.50   634.97    706.45   9.055E-03   -9.667E-01   9.667E-01     1.187E-01     1.237E-10      0.000E+00       0.000E+00       0.000E+00      9.517E-03      4.299E-03 
64.92   583.84    764.09   -4.463E-02   -1.131E-01   1.131E-01     1.184E-01     4.048E-09      0.000E+00       0.000E+00       0.000E+00      9.583E-03      4.299E-03 
63.57   772.02    557.85   -2.576E-02   1.731E-01   -1.731E-01     1.177E-01     1.406E-09      0.000E+00       0.000E+00       0.000E+00      9.540E-03      4.299E-03 
74.52   594.57    400.10   -1.718E-02   -6.994E-01   6.994E-01     1.187E-01     4.570E-10      0.000E+00       0.000E+00       0.000E+00      9.360E-03      4.298E-03 
64.69   759.26    621.86   -4.152E-02   7.280E-01   -7.280E-01     1.196E-01     3.529E-09      0.000E+00       0.000E+00       0.000E+00      9.563E-03      4.299E-03 
73.96   672.03    644.43   -2.933E-02   6.989E-01   -6.989E-01     1.187E-01     1.352E-09      0.000E+00       0.000E+00       0.000E+00      9.528E-03      4.299E-03 
74.75   427.17    873.52   -1.362E-02   2.827E-01   -2.827E-01     1.179E-01     2.853E-10      0.000E+00       0.000E+00       0.000E+00      9.562E-03      4.299E-03 
74.63   724.38    823.89   -1.619E-02   4.836E-01   -4.836E-01     1.181E-01     4.047E-10      0.000E+00       0.000E+00       0.000E+00      9.556E-03      4.299E-03 
63.44   366.48    872.51   2.868E-02   -7.551E-01   7.551E-01     1.191E-01     1.750E-09      0.000E+00       0.000E+00       0.000E+00      9.566E-03      4.299E-03 
72.81   514.67    836.91   -4.760E-02   8.779E-01   -8.779E-01     1.181E-01     3.672E-09      0.000E+00       0.000E+00       0.000E+00      9.575E-03      4.299E-03 
75.23   349.12    395.49   1.860E-03   -2.225E-01   2.225E-01     1.173E-01     5.259E-12      0.000E+00       0.000E+00       0.000E+00      9.312E-03      4.298E-03 
64.20   337.35    743.04   4.485E-02   4.019E-01   -4.019E-01     1.177E-01     4.179E-09      0.000E+00       0.000E+00       0.000E+00      9.536E-03      4.299E-03 
64.22   552.90    555.99   4.506E-02   -7.716E-01   7.716E-01     1.191E-01     4.215E-09      0.000E+00       0.000E+00       0.000E+00      9.471E-03      4.298E-03 
74.06   747.79    358.60   -2.799E-02   3.021E-01   -3.021E-01     1.174E-01     1.227E-09      0.000E+00       0.000E+00       0.000E+00      9.326E-03      4.298E-03 
72.97   558.13    814.01   -4.585E-02   -9.416E-01   9.416E-01     1.176E-01     3.392E-09      0.000E+00       0.000E+00       0.000E+00      9.571E-03      4.299E-03 
73.47   210.02    395.85   -3.769E-02   2.957E-01   -2.957E-01     1.187E-01     2.262E-09      0.000E+00       0.000E+00       0.000E+00      9.401E-03      4.298E-03 
73.26   357.38    133.06   1.228E-02   -9.873E-01   9.873E-01     1.184E-01     2.417E-10      0.000E+00       0.000E+00       0.000E+00      6.995E-03      4.288E-03 
74.07   940.25    794.13   -2.814E-02   2.617E-01   -2.617E-01     1.177E-01     1.241E-09      0.000E+00       0.000E+00       0.000E+00      9.558E-03      4.299E-03 
63.22   785.18    834.40   2.371E-02   2.575E-01   -2.575E-01     1.181E-01     1.204E-09      0.000E+00       0.000E+00       0.000E+00      9.563E-03      4.299E-03 
73.23   443.10    265.06   -4.130E-02   1.977E-01   -1.977E-01     1.182E-01     2.733E-09      0.000E+00       0.000E+00       0.000E+00      9.155E-03      4.297E-03 
75.03   962.55    191.75   4.458E-02   -1.574E-01   1.574E-01     1.195E-01     3.035E-09      0.000E+00       0.000E+00       0.000E+00      8.025E-03      4.292E-03 
75.46   287.95    231.57   3.976E-02   -8.371E-01   8.371E-01     1.183E-01     2.388E-09      0.000E+00       0.000E+00       0.000E+00      8.531E-03      4.294E-03 
74.82   771.56    753.84   -1.170E-02   6.599E-01   -6.599E-01     1.179E-01     2.104E-10      0.000E+00       0.000E+00       0.000E+00      9.541E-03      4.299E-03 
73.24   743.59    899.97   -4.119E-02   5.723E-02   -5.723E-02     1.186E-01     2.719E-09      0.000E+00       0.000E+00       0.000E+00      9.578E-03      4.299E-03 
71.99   999.81    130.35   -4.244E-02   8.994E-01   -8.994E-01     1.187E-01     2.985E-09      0.000E+00       0.000E+00       0.000E+00      7.844E-03      4.291E-03 
75.81   464.31    619.89   2.192E-02   9.380E-01   -9.380E-01     1.185E-01     7.191E-10      0.000E+00       0.000E+00       0.000E+00      9.476E-03      4.298E-03 
72.94   813.50    348.87   -4.573E-02   -7.889E-01   7.889E-01     1.187E-01     3.378E-09      0.000E+00       0.000E+00       0.000E+00      9.364E-03      4.298E-03 
73.78   540.39    732.39   -3.236E-02   8.224E-01   -8.224E-01     1.191E-01     1.654E-09      0.000E+00       0.000E+00       0.000E+00      9.551E-03      4.299E-03 
72.75   227.32    647.89   -4.903E-02   7.488E-01   -7.488E-01     1.174E-01     3.902E-09      0.000E+00       0.000E+00       0.000E+00      9.547E-03      4.299E-03 
64.08   415.12    151.82   -3.444E-02   -8.417E-01   8.417E-01     1.178E-01     2.473E-09      0.000E+00       0.000E+00       0.000E+00      8.655E-03      4.295E-03 
74.67   695.52    999.09   -1.561E-02   -4.290E-01   4.290E-01     1.177E-01     3.755E-10      0.000E+00       0.000E+00       0.000E+00      9.576E-03      4.299E-03 
73.86   242.78    191.40   -2.198E-02   1.816E-01   -1.816E-01     1.177E-01     7.613E-10      0.000E+00       0.000E+00       0.000E+00      8.561E-03      4.294E-03 
75.82   711.26    474.75   2.476E-02   8.932E-01   -8.932E-01     1.190E-01     9.170E-10      0.000E+00       0.000E+00       0.000E+00      9.373E-03      4.298E-03 
63.60   829.94    773.12   -2.641E-02   3.819E-01   -3.819E-01     1.173E-01     1.477E-09      0.000E+00       0.000E+00       0.000E+00      9.578E-03      4.299E-03 
76.00   427.09    417.00   3.815E-02   9.774E-01   -9.774E-01     1.194E-01     2.168E-09      0.000E+00       0.000E+00       0.000E+00      9.277E-03      4.298E-03 
64.33   631.73    637.73   -3.689E-02   -7.930E-01   7.930E-01     1.193E-01     2.817E-09      0.000E+00       0.000E+00       0.000E+00      9.564E-03      4.299E-03 
73.05   488.34    182.22   -3.872E-02   8.390E-01   -8.390E-01     1.187E-01     2.414E-09      0.000E+00       0.000E+00       0.000E+00      8.628E-03      4.295E-03 
72.09   86.06    325.37   -2.112E-02   -1.283E-01   1.283E-01     1.187E-01     7.370E-10      0.000E+00       0.000E+00       0.000E+00      9.271E-03      4.298E-03 
75.01   105.83    665.62   6.294E-03   -1.318E-01   1.318E-01     1.182E-01     6.054E-11      0.000E+00       0.000E+00       0.000E+00      9.508E-03      4.299E-03 
75.83   435.97    493.97   2.486E-02   -1.777E-01   1.777E-01     1.187E-01     9.248E-10      0.000E+00       0.000E+00       0.000E+00      9.391E-03      4.298E-03 
75.14   714.53    425.28   -2.095E-03   9.168E-01   -9.168E-01     1.173E-01     6.685E-12      0.000E+00       0.000E+00       0.000E+00      9.360E-03      4.298E-03 
73.66   679.25    582.33   -3.544E-02   9.487E-01   -9.487E-01     1.177E-01     1.990E-09      0.000E+00       0.000E+00       0.000E+00      9.515E-03      4.299E-03 
74.50   776.25    429.65   -1.748E-02   -1.368E-01   1.368E-01     1.192E-01     4.735E-10      0.000E+00       0.000E+00       0.000E+00      9.394E-03      4.298E-03 
63.58   156.93    206.95   3.120E-02   4.127E-01   -4.127E-01     1.178E-01     2.062E-09      0.000E+00       0.000E+00       0.000E+00      8.680E-03      4.295E-03 
72.57   169.06    204.86   -4.875E-02   2.469E-01   -2.469E-01     1.192E-01     3.877E-09      0.000E+00       0.000E+00       0.000E+00      8.917E-03      4.296E-03 
73.70   177.08    582.85   -3.333E-02   7.629E-01   -7.629E-01     1.189E-01     1.757E-09      0.000E+00       0.000E+00       0.000E+00      9.513E-03      4.299E-03 
75.71   468.50    954.55   1.622E-02   -8.252E-01   8.252E-01     1.184E-01     3.949E-10      0.000E+00       0.000E+00       0.000E+00      9.560E-03      4.299E-03 
75.75   538.08    633.06   1.816E-02   -3.258E-01   3.258E-01     1.178E-01     4.945E-10      0.000E+00       0.000E+00       0.000E+00      9.485E-03      4.298E-03 
74.30   969.85    574.78   -2.393E-02   2.357E-01   -2.357E-01     1.172E-01     8.917E-10      0.000E+00       0.000E+00       0.000E+00      9.499E-03      4.299E-03 
65.09   171.75    662.47   -4.683E-02   -2.368E-01   2.368E-01     1.185E-01     4.434E-09      0.000E+00       0.000E+00       0.000E+00      9.572E-03      4.299E-03 
64.35   316.71    510.82   4.782E-02   -9.559E-01   9.559E-01     1.178E-01     4.728E-09      0.000E+00       0.000E+00       0.000E+00      9.441E-03      4.298E-03 
73.00   352.61    661.00   -4.558E-02   -7.677E-01   7.677E-01     1.176E-01     3.350E-09      0.000E+00       0.000E+00       0.000E+00      9.547E-03      4.299E-03 
75.69   466.62    521.56   1.794E-02   -9.845E-01   9.845E-01     1.188E-01     4.833E-10      0.000E+00       0.000E+00       0.000E+00      9.423E-03      4.298E-03 
64.39   127.98    215.75   -3.859E-02   -9.447E-01   9.447E-01     1.181E-01     3.077E-09      0.000E+00       0.000E+00       0.000E+00      9.157E-03      4.297E-03 
74.54   889.88    539.82   -1.663E-02   -6.820E-01   6.820E-01     1.196E-01     4.276E-10      0.000E+00       0.000E+00       0.000E+00      9.475E-03      4.298E-03 
74.45   582.36    428.94   -1.858E-02   -2.221E-01   2.221E-01     1.192E-01     5.355E-10      0.000E+00       0.000E+00       0.000E+00      9.396E-03      4.298E-03 
73.37   112.49    170.72   -2.161E-02   7.796E-01   -7.796E-01     1.189E-01     7.456E-10      0.000E+00       0.000E+00       0.000E+00      8.314E-03      4.293E-03 
68.66   81.27    596.82   -4.533E-02   -3.293E-02   3.293E-02     1.177E-01     3.740E-09      0.000E+00       0.000E+00       0.000E+00      9.547E-03      4.299E-03 
75.26   569.73    221.04   2.949E-02   -2.083E-01   2.083E-01     1.192E-01     1.320E-09      0.000E+00       0.000E+00       0.000E+00      8.490E-03      4.294E-03 
72.69   645.39    830.19   -4.979E-02   3.338E-01   -3.338E-01     1.172E-01     4.031E-09      0.000E+00       0.000E+00       0.000E+00      9.575E-03      4.299E-03 
75.46   261.30    798.53   7.110E-03   -5.480E-01   5.480E-01     1.179E-01     7.635E-11      0.000E+00       0.000E+00       0.000E+00      9.540E-03      4.299E-03 
74.44   225.64    573.35   -1.996E-02   8.151E-02   -8.151E-02     1.180E-01     6.179E-10      0.000E+00       0.000E+00       0.000E+00      9.495E-03      4.299E-03 
74.57   895.07    721.11   -1.760E-02   5.473E-01   -5.473E-01     1.181E-01     4.788E-10      0.000E+00       0.000E+00       0.000E+00      9.538E-03      4.299E-03 
73.33   638.66    553.99   -4.029E-02   -8.209E-01   8.209E-01     1.183E-01     2.595E-09      0.000E+00       0.000E+00       0.000E+00      9.510E-03      4.299E-03 
71.25   222.42    109.63   -4.241E-02   -5.260E-01   5.260E-01     1.177E-01     3.043E-09      0.000E+00       0.000E+00       0.000E+00      7.207E-03      4.289E-03 
73.45   217.48    424.76   -3.920E-02   -8.172E-01   8.172E-01     1.172E-01     2.448E-09      0.000E+00       0.000E+00       0.000E+00      9.432E-03      4.298E-03 
75.16   546.17    828.99   -2.640E-03   -4.537E-01   4.537E-01     1.181E-01     1.061E-11      0.000E+00       0.000E+00       0.000E+00      9.550E-03      4.299E-03 
63.52   211.44    841.57   3.065E-02   6.211E-01   -6.211E-01     1.173E-01     1.993E-09      0.000E+00       0.000E+00       0.000E+00      9.561E-03      4.299E-03 
75.17   110.07    273.82   2.706E-02   7.276E-01   -7.276E-01     1.186E-01     1.115E-09      0.000E+00       0.000E+00       0.000E+00      8.890E-03      4.296E-03 
64.71   979.35    506.74   -4.232E-02   -8.256E-01   8.256E-01     1.176E-01     3.664E-09      0.000E+00       0.000E+00       0.000E+00      9.537E-03      4.299E-03 
64.27   219.60    610.72   4.584E-02   9.045E-01   -9.045E-01     1.194E-01     4.356E-09      0.000E+00       0.000E+00       0.000E+00      9.496E-03      4.299E-03 
75.75   758.27    595.93   1.957E-02   9.563E-01   -9.563E-01     1.190E-01     5.742E-10      0.000E+00       0.000E+00       0.000E+00      9.467E-03      4.298E-03 
72.84   534.99    313.67   -4.813E-02   5.642E-01   -5.642E-01     1.175E-01     3.751E-09      0.000E+00       0.000E+00       0.000E+00      9.312E-03      4.298E-03 
72.61   689.04    855.29   -4.908E-02   -4.315E-01   4.315E-01     1.195E-01     3.926E-09      0.000E+00       0.000E+00       0.000E+00      9.578E-03      4.299E-03 
75.12   869.77    630.16   -2.717E-03   -9.456E-01   9.456E-01     1.186E-01     1.125E-11      0.000E+00       0.000E+00       0.000E+00      9.501E-03      4.299E-03 
72.37   104.67    168.31   -4.575E-02   8.447E-01   -8.447E-01     1.179E-01     3.433E-09      0.000E+00       0.000E+00       0.000E+00      8.562E-03      4.294E-03 
75.78   771.74    475.36   2.371E-02   -5.290E-01   5.290E-01     1.195E-01     8.418E-10      0.000E+00       0.000E+00       0.000E+00      9.375E-03      4.298E-03 
75.13   691.04    337.79   8.179E-04   -1.109E-01   1.109E-01     1.179E-01     1.019E-12      0.000E+00       0.000E+00       0.000E+00      9.203E-03      4.297E-03 
73.84   737.44    546.92   -3.122E-02   3.872E-01   -3.872E-01     1.191E-01     1.536E-09      0.000E+00       0.000E+00       0.000E+00      9.496E-03      4.299E-03 
65.06   688.15    814.56   -4.625E-02   -2.268E-02   2.268E-02     1.187E-01     4.329E-09      0.000E+00       0.000E+00       0.000E+00      9.587E-03      4.299E-03 
72.74   888.03    316.07   -4.906E-02   -1.158E-01   1.158E-01     1.179E-01     3.908E-09      0.000E+00       0.000E+00       0.000E+00      9.321E-03      4.298E-03 
64.37   456.05    507.25   -3.788E-02   9.688E-01   -9.688E-01     1.176E-01     2.965E-09      0.000E+00       0.000E+00       0.000E+00      9.534E-03      4.299E-03 
73.65   734.16    636.02   -3.480E-02   -2.803E-01   2.803E-01     1.187E-01     1.919E-09      0.000E+00       0.000E+00       0.000E+00      9.531E-03      4.299E-03 
74.79   417.17    344.49   -9.606E-03   -7.457E-01   7.457E-01     1.184E-01     1.419E-10      0.000E+00       0.000E+00       0.000E+00      9.248E-03      4.297E-03 
74.35   669.92    883.55   -2.151E-02   -5.393E-01   5.393E-01     1.192E-01     7.196E-10      0.000E+00       0.000E+00       0.000E+00      9.567E-03      4.299E-03 
74.30   461.96    418.49   -2.182E-02   -3.437E-02   3.437E-02     1.192E-01     7.416E-10      0.000E+00       0.000E+00       0.000E+00      9.391E-03      4.298E-03 
73.72   998.47    665.83   -3.325E-02   7.356E-01   -7.356E-01     1.193E-01     1.749E-09      0.000E+00       0.000E+00       0.000E+00      9.537E-03      4.299E-03 
74.72   616.76    175.45   4.352E-02   -5.558E-01   5.558E-01     1.194E-01     2.917E-09      0.000E+00       0.000E+00       0.000E+00      7.748E-03      4.291E-03 
65.22   154.15    629.67   -4.866E-02   -4.743E-01   4.743E-01     1.173E-01     4.770E-09      0.000E+00       0.000E+00       0.000E+00      9.568E-03      4.299E-03 
73.45   127.70    249.94   -3.491E-02   3.891E-01   -3.891E-01     1.175E-01     1.942E-09      0.000E+00       0.000E+00       0.000E+00      9.063E-03      4.297E-03 
64.29   297.27    607.56   4.645E-02   3.411E-01   -3.411E-01     1.190E-01     4.469E-09      0.000E+00       0.000E+00       0.000E+00      9.494E-03      4.299E-03 
74.15   503.60    949.20   -2.631E-02   -3.621E-01   3.621E-01     1.182E-01     1.082E-09      0.000E+00       0.000E+00       0.000E+00      9.575E-03      4.299E-03 
64.57   444.36    130.47   4.874E-02   3.538E-01   -3.538E-01     1.177E-01     4.881E-09      0.000E+00       0.000E+00       0.000E+00      6.961E-03      4.288E-03 
71.56   289.10    114.58   -3.730E-02   -6.227E-02   6.227E-02     1.195E-01     2.334E-09      0.000E+00       0.000E+00       0.000E+00      7.271E-03      4.289E-03 
72.84   303.92    912.17   -4.731E-02   -3.648E-01   3.648E-01     1.180E-01     3.625E-09      0.000E+00       0.000E+00       0.000E+00      9.581E-03      4.299E-03 
74.90   699.33    634.54   -9.129E-03   2.834E-01   -2.834E-01     1.183E-01     1.277E-10      0.000E+00       0.000E+00       0.000E+00      9.508E-03      4.299E-03 
75.31   806.29    821.91   2.943E-03   1.170E-01   -1.170E-01     1.193E-01     1.313E-11      0.000E+00       0.000E+00       0.000E+00      9.546E-03      4.299E-03 
74.47   433.33    369.77   -1.907E-02   8.163E-01   -8.163E-01     1.176E-01     5.635E-10      0.000E+00       0.000E+00       0.000E+00      9.320E-03      4.298E-03 
75.45   370.75    635.17   7.072E-03   1.945E-01   -1.945E-01     1.179E-01     7.556E-11      0.000E+00       0.000E+00       0.000E+00      9.495E-03      4.299E-03 
62.65   506.64    341.97   8.897E-03   -2.141E-01   2.141E-01     1.183E-01     1.726E-10      0.000E+00       0.000E+00       0.000E+00      9.336E-03      4.298E-03 
73.46   271.94    476.93   -3.808E-02   8.735E-01   -8.735E-01     1.186E-01     2.309E-09      0.000E+00       0.000E+00       0.000E+00      9.469E-03      4.298E-03 
74.73   714.75    208.48   4.993E-03   1.662E-01   -1.662E-01     1.194E-01     3.839E-11      0.000E+00       0.000E+00       0.000E+00      8.525E-03      4.294E-03 
64.88   472.66    539.21   -4.408E-02   -1.223E-01   1.223E-01     1.190E-01     3.954E-09      0.000E+00       0.000E+00       0.000E+00      9.547E-03      4.299E-03 
65.28   219.04    80.51   -3.892E-02   6.079E-01   -6.079E-01     1.189E-01     3.046E-09      0.000E+00       0.000E+00       0.000E+00      6.216E-03      4.284E-03 
74.89   241.32    852.26   -9.718E-03   1.572E-01   -1.572E-01     1.179E-01     1.448E-10      0.000E+00       0.000E+00       0.000E+00      9.557E-03      4.299E-03 
74.23   433.33    329.14   -2.384E-02   2.852E-01   -2.852E-01     1.176E-01     8.865E-10      0.000E+00       0.000E+00       0.000E+00      9.258E-03      4.298E-03 
73.27   608.51    878.80   -4.178E-02   -4.083E-01   4.083E-01     1.173E-01     2.794E-09      0.000E+00       0.000E+00       0.000E+00      9.576E-03      4.299E-03 
74.96   418.22    200.33   1.971E-02   3.445E-01   -3.445E-01     1.175E-01     5.944E-10      0.000E+00       0.000E+00       0.000E+00      8.327E-03      4.293E-03 
71.75   158.27    109.60   -1.771E-02   -4.311E-02   4.311E-02     1.175E-01     5.235E-10      0.000E+00       0.000E+00       0.000E+00      6.608E-03      4.286E-03 
74.59   864.78    348.17   -1.548E-02   -9.612E-01   9.612E-01     1.180E-01     3.702E-10      0.000E+00       0.000E+00       0.000E+00      9.272E-03      4.298E-03 
74.68   883.45    321.33   -1.109E-02   -3.704E-01   3.704E-01     1.194E-01     1.895E-10      0.000E+00       0.000E+00       0.000E+00      9.199E-03      4.297E-03 
73.71   376.74    878.06   -3.491E-02   3.792E-02   -3.792E-02     1.174E-01     1.928E-09      0.000E+00       0.000E+00       0.000E+00      9.572E-03      4.299E-03 
73.16   396.92    467.25   -4.341E-02   -7.100E-01   7.100E-01     1.175E-01     3.026E-09      0.000E+00       0.000E+00       0.000E+00      9.472E-03      4.298E-03 
73.06   677.20    543.44   -4.493E-02   -2.225E-01   2.225E-01     1.173E-01     3.250E-09      0.000E+00       0.000E+00       0.000E+00      9.512E-03      4.299E-03 
72.74   95.97    855.74   -4.087E-02   -9.026E-01   9.026E-01     1.187E-01     2.712E-09      0.000E+00       0.000E+00       0.000E+00      9.574E-03      4.299E-03 
72.31   182.66    117.78   -3.961E-03   -3.993E-01   3.993E-01     1.193E-01     2.578E-11      0.000E+00       0.000E+00       0.000E+00      6.689E-03      4.286E-03 
71.94   603.60    116.93   -2.898E-02   9.067E-02   -9.067E-02     1.177E-01     1.393E-09      0.000E+00       0.000E+00       0.000E+00      7.162E-03      4.288E-03 
74.91   939.62    917.17   -9.356E-03   9.097E-01   -9.097E-01     1.183E-01     1.341E-10      0.000E+00       0.000E+00       0.000E+00      9.565E-03      4.299E-03 
73.80   677.51    595.81   -3.220E-02   2.794E-01   -2.794E-01     1.189E-01     1.636E-09      0.000E+00       0.000E+00       0.000E+00      9.516E-03      4.299E-03 
73.12   973.72    748.22   -4.378E-02   8.679E-01   -8.679E-01     1.176E-01     3.081E-09      0.000E+00       0.000E+00       0.000E+00      9.561E-03      4.299E-03 
73.18   974.25    168.53   -3.335E-02   -7.182E-01   7.182E-01     1.178E-01     1.785E-09      0.000E+00       0.000E+00       0.000E+00      8.404E-03      4.294E-03 
72.55   317.04    129.97   -2.402E-02   2.824E-01   -2.824E-01     1.191E-01     9.417E-10      0.000E+00       0.000E+00       0.000E+00      7.494E-03      4.290E-03 
74.69   884.75    759.93   -1.483E-02   -3.784E-01   3.784E-01     1.181E-01     3.392E-10      0.000E+00       0.000E+00       0.000E+00      9.545E-03      4.299E-03 
74.08   363.52    994.84   -2.787E-02   4.806E-01   -4.806E-01     1.180E-01     1.216E-09      0.000E+00       0.000E+00       0.000E+00      9.580E-03      4.299E-03 
62.82   526.78    782.24   1.384E-02   7.877E-01   -7.877E-01     1.179E-01     4.156E-10      0.000E+00       0.000E+00       0.000E+00      9.561E-03      4.299E-03 
64.19   505.37    273.98   4.389E-02   -6.061E-01   6.061E-01     1.194E-01     4.003E-09      0.000E+00       0.000E+00       0.000E+00      9.023E-03      4.296E-03 
75.94   810.90    663.14   2.610E-02   8.139E-01   -8.139E-01     1.175E-01     1.016E-09      0.000E+00       0.000E+00       0.000E+00      9.491E-03      4.299E-03 
75.29   633.45    766.81   2.404E-03   -5.420E-01   5.420E-01     1.193E-01     8.769E-12      0.000E+00       0.000E+00       0.000E+00      9.536E-03      4.299E-03 
64.66   948.48    799.37   -4.160E-02   3.773E-03   -3.773E-03     1.176E-01     3.545E-09      0.000E+00       0.000E+00       0.000E+00      9.585E-03      4.299E-03 
74.45   872.77    201.31   -6.043E-03   -8.864E-01   8.864E-01     1.179E-01     5.664E-11      0.000E+00       0.000E+00       0.000E+00      8.532E-03      4.294E-03 
74.15   477.77    280.47   -2.407E-02   1.123E-01   -1.123E-01     1.181E-01     9.062E-10      0.000E+00       0.000E+00       0.000E+00      9.125E-03      4.297E-03 
72.76   851.54    467.16   -4.788E-02   -4.366E-01   4.366E-01     1.190E-01     3.720E-09      0.000E+00       0.000E+00       0.000E+00      9.480E-03      4.298E-03 
74.76   229.58    589.08   -1.214E-02   7.167E-02   -7.167E-02     1.182E-01     2.266E-10      0.000E+00       0.000E+00       0.000E+00      9.493E-03      4.299E-03 
72.89   785.03    873.67   -4.715E-02   9.722E-01   -9.722E-01     1.173E-01     3.596E-09      0.000E+00       0.000E+00       0.000E+00      9.578E-03      4.299E-03 
73.24   801.17    366.30   -4.076E-02   1.383E-01   -1.383E-01     1.196E-01     2.662E-09      0.000E+00       0.000E+00       0.000E+00      9.374E-03      4.298E-03 
75.47   694.66    625.86   7.485E-03   -7.377E-01   7.377E-01     1.178E-01     8.459E-11      0.000E+00       0.000E+00       0.000E+00      9.491E-03      4.299E-03 
68.91   786.59    84.23   -5.176E-03   2.628E-01   -2.628E-01     1.190E-01     4.840E-11      0.000E+00       0.000E+00       0.000E+00      4.687E-03      4.278E-03 
70.13   694.80    90.02   -2.929E-02   1.356E-01   -1.356E-01     1.182E-01     1.498E-09      0.000E+00       0.000E+00       0.000E+00      5.831E-03      4.283E-03 
73.58   479.64    522.06   -3.701E-02   4.147E-01   -4.147E-01     1.176E-01     2.174E-09      0.000E+00       0.000E+00       0.000E+00      9.492E-03      4.299E-03 
72.00   794.28    111.08   3.311E-02   3.403E-01   -3.403E-01     1.185E-01     1.817E-09      0.000E+00       0.000E+00       0.000E+00      5.633E-03      4.282E-03 
64.81   479.61    722.32   -4.320E-02   -6.035E-02   6.035E-02     1.188E-01     3.806E-09      0.000E+00       0.000E+00       0.000E+00      9.578E-03      4.299E-03 
72.93   782.53    125.80   1.601E-02   1.142E-01   -1.142E-01     1.186E-01     4.141E-10      0.000E+00       0.000E+00       0.000E+00      6.663E-03      4.286E-03 
74.01   395.70    958.69   -2.847E-02   5.097E-01   -5.097E-01     1.188E-01     1.272E-09      0.000E+00       0.000E+00       0.000E+00      9.577E-03      4.299E-03 
75.55   269.49    460.83   1.440E-02   1.724E-01   -1.724E-01     1.193E-01     3.126E-10      0.000E+00       0.000E+00       0.000E+00      9.374E-03      4.298E-03 
65.07   440.38    938.49   -4.624E-02   7.764E-01   -7.764E-01     1.191E-01     4.325E-09      0.000E+00       0.000E+00       0.000E+00      9.595E-03      4.299E-03 
73.97   342.99    988.70   -2.875E-02   -6.191E-02   6.191E-02     1.194E-01     1.299E-09      0.000E+00       0.000E+00       0.000E+00      9.580E-03      4.299E-03 
75.44   103.71    514.20   2.658E-02   -5.338E-01   5.338E-01     1.172E-01     1.068E-09      0.000E+00       0.000E+00       0.000E+00      9.409E-03      4.298E-03 
73.59   655.62    374.97   -3.617E-02   1.182E-01   -1.182E-01     1.182E-01     2.076E-09      0.000E+00       0.000E+00       0.000E+00      9.372E-03      4.298E-03 
73.46   739.41    750.66   -3.822E-02   -4.242E-01   4.242E-01     1.184E-01     2.326E-09      0.000E+00       0.000E+00       0.000E+00      9.558E-03      4.299E-03 
63.70   252.98    908.52   -2.774E-02   -1.106E-01   1.106E-01     1.193E-01     1.624E-09      0.000E+00       0.000E+00       0.000E+00      9.589E-03      4.299E-03 
72.99   324.46    269.72   -4.501E-02   -6.261E-01   6.261E-01     1.186E-01     3.267E-09      0.000E+00       0.000E+00       0.000E+00      9.190E-03      4.297E-03 
64.25   184.40    998.70   -3.587E-02   -5.615E-01   5.615E-01     1.188E-01     2.669E-09      0.000E+00       0.000E+00       0.000E+00      9.596E-03      4.299E-03 
74.52   293.82    889.09   -1.907E-02   8.070E-01   -8.070E-01     1.176E-01     5.633E-10      0.000E+00       0.000E+00       0.000E+00      9.566E-03      4.299E-03 
72.54   140.80    642.32   -4.974E-02   -5.321E-01   5.321E-01     1.191E-01     4.040E-09      0.000E+00       0.000E+00       0.000E+00      9.547E-03      4.299E-03 
73.06   366.34    182.14   -3.782E-02   2.712E-01   -2.712E-01     1.196E-01     2.303E-09      0.000E+00       0.000E+00       0.000E+00      8.619E-03      4.295E-03 
75.28   726.87    321.64   6.530E-03   8.308E-01   -8.308E-01     1.177E-01     6.472E-11      0.000E+00       0.000E+00       0.000E+00      9.143E-03      4.297E-03 
64.22   599.02    719.77   4.501E-02   -5.146E-01   5.146E-01     1.194E-01     4.207E-09      0.000E+00       0.000E+00       0.000E+00      9.530E-03      4.299E-03 
73.09   580.98    634.09   -4.293E-02   -7.450E-01   7.450E-01     1.194E-01     2.964E-09      0.000E+00       0.000E+00       0.000E+00      9.538E-03      4.299E-03 
75.16   889.61    725.77   -3.185E-03   3.122E-01   -3.122E-01     1.174E-01     1.544E-11      0.000E+00       0.000E+00       0.000E+00      9.530E-03      4.299E-03 
75.09   946.71    334.56   -5.794E-04   5.267E-01   -5.267E-01     1.178E-01     5.120E-13      0.000E+00       0.000E+00       0.000E+00      9.199E-03      4.297E-03 
75.16   557.16    412.92   -1.133E-03   -8.720E-01   8.720E-01     1.173E-01     1.954E-12      0.000E+00       0.000E+00       0.000E+00      9.343E-03      4.298E-03 
75.40   206.00    886.56   5.942E-03   6.513E-01   -6.513E-01     1.179E-01     5.340E-11      0.000E+00       0.000E+00       0.000E+00      9.555E-03      4.299E-03 
64.26   88.47    76.70   -8.886E-03   8.425E-01   -8.425E-01     1.195E-01     1.638E-10      0.000E+00       0.000E+00       0.000E+00      4.743E-03      4.278E-03 
75.71   300.85    315.32   3.068E-02   2.990E-01   -2.990E-01     1.191E-01     1.413E-09      0.000E+00       0.000E+00       0.000E+00      9.049E-03      4.297E-03 
74.30   597.25    882.12   -2.363E-02   -1.852E-01   1.852E-01     1.177E-01     8.694E-10      0.000E+00       0.000E+00       0.000E+00      9.567E-03      4.299E-03 
75.79   771.28    439.41   2.454E-02   2.529E-01   -2.529E-01     1.192E-01     9.021E-10      0.000E+00       0.000E+00       0.000E+00      9.332E-03      4.298E-03 
74.78   738.80    912.33   -1.208E-02   4.429E-01   -4.429E-01     1.190E-01     2.243E-10      0.000E+00       0.000E+00       0.000E+00      9.566E-03      4.299E-03 
74.06   158.06    657.93   -2.639E-02   1.106E-01   -1.106E-01     1.185E-01     1.091E-09      0.000E+00       0.000E+00       0.000E+00      9.530E-03      4.299E-03 
67.38   77.95    928.64   2.741E-02   6.571E-01   -6.571E-01     1.193E-01     1.418E-09      0.000E+00       0.000E+00       0.000E+00      9.566E-03      4.299E-03 
73.43   518.56    871.68   -3.932E-02   -1.399E-01   1.399E-01     1.175E-01     2.465E-09      0.000E+00       0.000E+00       0.000E+00      9.574E-03      4.299E-03 
74.62   137.29    518.14   -1.165E-02   2.026E-01   -2.026E-01     1.189E-01     2.097E-10      0.000E+00       0.000E+00       0.000E+00      9.457E-03      4.298E-03 
74.61   651.42    594.61   -1.640E-02   1.605E-01   -1.605E-01     1.182E-01     4.156E-10      0.000E+00       0.000E+00       0.000E+00      9.500E-03      4.299E-03 
74.44   742.27    310.40   -1.749E-02   -4.717E-01   4.717E-01     1.187E-01     4.748E-10      0.000E+00       0.000E+00       0.000E+00      9.192E-03      4.297E-03 
74.62   282.51    218.71   -3.713E-03   -3.829E-01   3.829E-01     1.182E-01     2.128E-11      0.000E+00       0.000E+00       0.000E+00      8.677E-03      4.295E-03 
74.06   556.74    943.79   -2.813E-02   2.698E-01   -2.698E-01     1.180E-01     1.240E-09      0.000E+00       0.000E+00       0.000E+00      9.576E-03      4.299E-03 
75.33   818.20    858.05   3.196E-03   3.656E-02   -3.656E-02     1.188E-01     1.548E-11      0.000E+00       0.000E+00       0.000E+00      9.552E-03      4.299E-03 
75.63   807.09    958.61   1.328E-02   9.939E-02   -9.939E-02     1.191E-01     2.653E-10      0.000E+00       0.000E+00       0.000E+00      9.562E-03      4.299E-03 
74.18   555.98    417.62   -2.513E-02   -7.227E-01   7.227E-01     1.185E-01     9.870E-10      0.000E+00       0.000E+00       0.000E+00      9.397E-03      4.298E-03 
75.86   361.08    680.00   2.339E-02   3.644E-01   -3.644E-01     1.184E-01     8.176E-10      0.000E+00       0.000E+00       0.000E+00      9.499E-03      4.299E-03 
72.66   557.01    198.79   -4.764E-02   6.557E-01   -6.557E-01     1.186E-01     3.692E-09      0.000E+00       0.000E+00       0.000E+00      8.862E-03      4.296E-03 
74.74   591.33    913.65   -1.347E-02   -6.039E-01   6.039E-01     1.184E-01     2.791E-10      0.000E+00       0.000E+00       0.000E+00      9.567E-03      4.299E-03 
71.85   339.94    123.80   -4.198E-02   -4.511E-01   4.511E-01     1.176E-01     2.932E-09      0.000E+00       0.000E+00       0.000E+00      7.659E-03      4.291E-03 
75.28   780.31    971.00   3.300E-04   -5.626E-01   5.626E-01     1.177E-01     1.653E-13      0.000E+00       0.000E+00       0.000E+00      9.567E-03      4.299E-03 
65.13   811.24    751.45   -4.718E-02   7.585E-01   -7.585E-01     1.181E-01     4.495E-09      0.000E+00       0.000E+00       0.000E+00      9.583E-03      4.299E-03 
74.66   852.68    389.07   -1.316E-02   -3.209E-01   3.209E-01     1.193E-01     2.673E-10      0.000E+00       0.000E+00       0.000E+00      9.336E-03      4.298E-03 
73.62   603.81    296.48   -3.404E-02   1.859E-01   -1.859E-01     1.195E-01     1.838E-09      0.000E+00       0.000E+00       0.000E+00      9.218E-03      4.297E-03 
75.11   899.36    369.32   -6.220E-04   -9.567E-01   9.567E-01     1.185E-01     5.897E-13      0.000E+00       0.000E+00       0.000E+00      9.274E-03      4.298E-03 
74.92   813.24    487.27   -7.615E-03   2.385E-02   -2.385E-02     1.188E-01     8.883E-11      0.000E+00       0.000E+00       0.000E+00      9.430E-03      4.298E-03 
73.72   844.54    917.21   -3.318E-02   -3.134E-01   3.134E-01     1.194E-01     1.741E-09      0.000E+00       0.000E+00       0.000E+00      9.575E-03      4.299E-03 
73.51   559.42    410.53   -3.830E-02   2.522E-01   -2.522E-01     1.173E-01     2.333E-09      0.000E+00       0.000E+00       0.000E+00      9.417E-03      4.298E-03 
74.35   474.49    572.49   -2.128E-02   1.571E-01   -1.571E-01     1.192E-01     7.044E-10      0.000E+00       0.000E+00       0.000E+00      9.496E-03      4.299E-03 
74.67   689.28    723.71   -1.478E-02   2.128E-02   -2.128E-02     1.186E-01     3.368E-10      0.000E+00       0.000E+00       0.000E+00      9.537E-03      4.299E-03 
72.94   636.05    585.07   -4.598E-02   -1.627E-01   1.627E-01     1.181E-01     3.414E-09      0.000E+00       0.000E+00       0.000E+00      9.528E-03      4.299E-03 
74.26   389.02    247.82   -1.978E-02   3.759E-01   -3.759E-01     1.178E-01     6.102E-10      0.000E+00       0.000E+00       0.000E+00      8.965E-03      4.296E-03 
74.35   224.33    205.44   -8.565E-03   5.148E-01   -5.148E-01     1.192E-01     1.141E-10      0.000E+00       0.000E+00       0.000E+00      8.595E-03      4.295E-03 
73.66   195.64    697.87   -3.458E-02   -9.802E-02   9.802E-02     1.186E-01     1.894E-09      0.000E+00       0.000E+00       0.000E+00      9.546E-03      4.299E-03 
75.21   870.17    222.09   2.329E-02   6.828E-01   -6.828E-01     1.182E-01     8.247E-10      0.000E+00       0.000E+00       0.000E+00      8.537E-03      4.294E-03 
73.38   471.96    140.00   1.652E-03   9.901E-01   -9.901E-01     1.195E-01     4.358E-12      0.000E+00       0.000E+00       0.000E+00      7.375E-03      4.289E-03 
73.95   860.53    461.75   -3.045E-02   -2.501E-01   2.501E-01     1.176E-01     1.458E-09      0.000E+00       0.000E+00       0.000E+00      9.445E-03      4.298E-03 
73.21   233.84    617.89   -4.183E-02   -9.938E-01   9.938E-01     1.186E-01     2.805E-09      0.000E+00       0.000E+00       0.000E+00      9.533E-03      4.299E-03 
72.72   784.74    215.93   -4.735E-02   -3.922E-01   3.922E-01     1.191E-01     3.642E-09      0.000E+00       0.000E+00       0.000E+00      8.973E-03      4.296E-03 
73.57   812.20    637.96   -3.633E-02   -2.585E-01   2.585E-01     1.185E-01     2.096E-09      0.000E+00       0.000E+00       0.000E+00      9.533E-03      4.299E-03 
73.28   609.62    133.51   1.062E-02   5.519E-01   -5.519E-01     1.177E-01     1.803E-10      0.000E+00       0.000E+00       0.000E+00      7.034E-03      4.288E-03 
75.13   127.51    889.73   3.206E-03   3.180E-01   -3.180E-01     1.185E-01     1.566E-11      0.000E+00       0.000E+00       0.000E+00      9.557E-03      4.299E-03 
73.59   107.35    383.56   -3.011E-02   8.518E-01   -8.518E-01     1.189E-01     1.439E-09      0.000E+00       0.000E+00       0.000E+00      9.371E-03      4.298E-03 
73.45   794.55    981.37   -3.762E-02   3.380E-01   -3.380E-01     1.192E-01     2.255E-09      0.000E+00       0.000E+00       0.000E+00      9.583E-03      4.299E-03 
74.75   124.47    384.08   -4.499E-03   -9.505E-01   9.505E-01     1.191E-01     3.115E-11      0.000E+00       0.000E+00       0.000E+00      9.311E-03      4.298E-03 
75.86   153.86    745.03   2.784E-02   2.590E-01   -2.590E-01     1.174E-01     1.159E-09      0.000E+00       0.000E+00       0.000E+00      9.516E-03      4.299E-03 
75.91   705.70    845.59   2.511E-02   -2.121E-02   2.121E-02     1.187E-01     9.410E-10      0.000E+00       0.000E+00       0.000E+00      9.540E-03      4.299E-03 
75.56   841.48    369.70   1.683E-02   9.990E-01   -9.990E-01     1.190E-01     4.266E-10      0.000E+00       0.000E+00       0.000E+00      9.234E-03      4.297E-03 
75.57   688.28    764.54   9.951E-03   -1.232E-01   1.232E-01     1.172E-01     1.491E-10      0.000E+00       0.000E+00       0.000E+00      9.531E-03      4.299E-03 
74.39   329.80    268.24   -1.786E-02   8.876E-02   -8.876E-02     1.177E-01     4.955E-10      0.000E+00       0.000E+00       0.000E+00      9.050E-03      4.297E-03 
63.92   335.54    261.37   3.857E-02   7.807E-01   -7.807E-01     1.182E-01     3.118E-09      0.000E+00       0.000E+00       0.000E+00      8.991E-03      4.296E-03 
64.31   901.17    791.05   -3.682E-02   -2.636E-01   2.636E-01     1.183E-01     2.807E-09      0.000E+00       0.000E+00       0.000E+00      9.583E-03      4.299E-03 
73.52   927.68    532.43   -3.729E-02   8.094E-01   -8.094E-01     1.184E-01     2.211E-09      0.000E+00       0.000E+00       0.000E+00      9.497E-03      4.299E-03 
64.02   398.93    697.64   -3.280E-02   -5.821E-01   5.821E-01     1.180E-01     2.248E-09      0.000E+00       0.000E+00       0.000E+00      9.571E-03      4.299E-03 
73.82   354.81    816.83   -3.136E-02   -5.426E-01   5.426E-01     1.195E-01     1.551E-09      0.000E+00       0.000E+00       0.000E+00      9.563E-03      4.299E-03 
65.38   617.04    349.65   -4.998E-02   4.452E-01   -4.452E-01     1.195E-01     5.006E-09      0.000E+00       0.000E+00       0.000E+00      9.458E-03      4.298E-03 
75.53   121.93    814.44   1.886E-02   3.394E-02   -3.394E-02     1.177E-01     5.362E-10      0.000E+00       0.000E+00       0.000E+00      9.538E-03      4.299E-03 
73.41   178.79    822.24   -3.758E-02   4.915E-01   -4.915E-01     1.196E-01     2.253E-09      0.000E+00       0.000E+00       0.000E+00      9.568E-03      4.299E-03 
64.17   126.24    646.63   -3.503E-02   8.029E-01   -8.029E-01     1.180E-01     2.552E-09      0.000E+00       0.000E+00       0.000E+00      9.565E-03      4.299E-03 
74.24   413.88    294.38   -2.201E-02   4.232E-01   -4.232E-01     1.183E-01     7.555E-10      0.000E+00       0.000E+00       0.000E+00      9.162E-03      4.297E-03 
68.19   164.38    83.46   -3.571E-02   8.698E-01   -8.698E-01     1.174E-01     2.352E-09      0.000E+00       0.000E+00       0.000E+00      5.810E-03      4.283E-03 
73.20   944.64    225.10   -3.932E-02   -2.687E-02   2.687E-02     1.195E-01     2.479E-09      0.000E+00       0.000E+00       0.000E+00      8.966E-03      4.296E-03 
72.95   975.42    909.22   -4.553E-02   3.414E-01   -3.414E-01     1.183E-01     3.347E-09      0.000E+00       0.000E+00       0.000E+00      9.580E-03      4.299E-03 
73.57   359.80    668.13   -3.571E-02   -3.661E-01   3.661E-01     1.192E-01     2.025E-09      0.000E+00       0.000E+00       0.000E+00      9.540E-03      4.299E-03 
75.76   848.08    881.61   1.859E-02   9.647E-01   -9.647E-01     1.189E-01     5.180E-10      0.000E+00       0.000E+00       0.000E+00      9.549E-03      4.299E-03 
75.96   367.79    457.87   3.333E-02   4.144E-02   -4.144E-02     1.191E-01     1.656E-09      0.000E+00       0.000E+00       0.000E+00      9.342E-03      4.298E-03 
73.26   522.96    642.35   -4.066E-02   -2.095E-01   2.095E-01     1.192E-01     2.648E-09      0.000E+00       0.000E+00       0.000E+00      9.538E-03      4.299E-03 
74.63   794.05    180.11   1.768E-02   8.712E-01   -8.712E-01     1.184E-01     4.824E-10      0.000E+00       0.000E+00       0.000E+00      8.059E-03      4.292E-03 
75.94   180.64    836.73   3.009E-02   7.093E-01   -7.093E-01     1.188E-01     1.350E-09      0.000E+00       0.000E+00       0.000E+00      9.536E-03      4.299E-03 
74.60   964.64    493.88   -1.604E-02   8.335E-01   -8.335E-01     1.185E-01     3.974E-10      0.000E+00       0.000E+00       0.000E+00      9.446E-03      4.298E-03 
73.78   489.01    228.12   -3.001E-02   3.559E-02   -3.559E-02     1.174E-01     1.422E-09      0.000E+00       0.000E+00       0.000E+00      8.917E-03      4.296E-03 
75.47   375.54    226.75   4.731E-02   5.721E-01   -5.721E-01     1.191E-01     3.379E-09      0.000E+00       0.000E+00       0.000E+00      8.444E-03      4.294E-03 
74.87   184.87    527.63   -9.119E-03   -8.715E-01   8.715E-01     1.173E-01     1.275E-10      0.000E+00       0.000E+00       0.000E+00      9.459E-03      4.298E-03 
73.27   896.02    564.56   -4.136E-02   -5.993E-01   5.993E-01     1.180E-01     2.738E-09      0.000E+00       0.000E+00       0.000E+00      9.515E-03      4.299E-03 
74.43   358.71    691.09   -1.929E-02   -7.102E-01   7.102E-01     1.196E-01     5.775E-10      0.000E+00       0.000E+00       0.000E+00      9.533E-03      4.299E-03 
64.05   972.25    767.64   4.185E-02   9.990E-01   -9.990E-01     1.182E-01     3.655E-09      0.000E+00       0.000E+00       0.000E+00      9.543E-03      4.299E-03 
63.87   624.06    448.52   3.790E-02   8.496E-01   -8.496E-01     1.182E-01     3.015E-09      0.000E+00       0.000E+00       0.000E+00      9.405E-03      4.298E-03 
74.42   778.29    806.04   -2.013E-02   2.848E-01   -2.848E-01     1.190E-01     6.291E-10      0.000E+00       0.000E+00       0.000E+00      9.556E-03      4.299E-03 
73.82   454.20    312.71   -3.159E-02   -8.718E-01   8.718E-01     1.183E-01     1.575E-09      0.000E+00       0.000E+00       0.000E+00      9.248E-03      4.297E-03 
74.74   807.13    891.52   -1.346E-02   -3.589E-01   3.589E-01     1.184E-01     2.788E-10      0.000E+00       0.000E+00       0.000E+00      9.564E-03      4.299E-03 
75.11   207.95    967.47   -3.918E-03   -4.861E-01   4.861E-01     1.174E-01     2.340E-11      0.000E+00       0.000E+00       0.000E+00      9.569E-03      4.299E-03 
74.17   961.78    806.64   -2.546E-02   -5.239E-01   5.239E-01     1.185E-01     1.013E-09      0.000E+00       0.000E+00       0.000E+00      9.559E-03      4.299E-03 
74.17   341.84    415.92   -2.483E-02   4.305E-01   -4.305E-01     1.188E-01     9.630E-10      0.000E+00       0.000E+00       0.000E+00      9.394E-03      4.298E-03 
72.68   446.98    174.31   -4.410E-02   -2.897E-01   2.897E-01     1.191E-01     3.163E-09      0.000E+00       0.000E+00       0.000E+00      8.603E-03      4.295E-03 
75.10   456.69    351.18   6.390E-05   5.291E-01   -5.291E-01     1.186E-01     6.225E-15      0.000E+00       0.000E+00       0.000E+00      9.236E-03      4.297E-03 
73.82   622.69    399.61   -3.237E-02   9.488E-01   -9.488E-01     1.180E-01     1.653E-09      0.000E+00       0.000E+00       0.000E+00      9.392E-03      4.298E-03 
74.89   952.10    976.34   -1.054E-02   4.621E-01   -4.621E-01     1.175E-01     1.704E-10      0.000E+00       0.000E+00       0.000E+00      9.572E-03      4.299E-03 
72.05   852.55    122.03   -3.096E-02   9.721E-01   -9.721E-01     1.195E-01     1.587E-09      0.000E+00       0.000E+00       0.000E+00      7.385E-03      4.289E-03 
73.25   744.64    381.71   -4.163E-02   5.343E-01   -5.343E-01     1.183E-01     2.776E-09      0.000E+00       0.000E+00       0.000E+00      9.395E-03      4.298E-03 
74.35   256.53    298.61   -1.926E-02   -2.812E-02   2.812E-02     1.187E-01     5.767E-10      0.000E+00       0.000E+00       0.000E+00      9.164E-03      4.297E-03 
75.05   616.03    994.37   -6.496E-03   1.317E-01   -1.317E-01     1.173E-01     6.441E-11      0.000E+00       0.000E+00       0.000E+00      9.572E-03      4.299E-03 
73.52   481.54    778.97   -3.670E-02   -4.541E-01   4.541E-01     1.191E-01     2.141E-09      0.000E+00       0.000E+00       0.000E+00      9.561E-03      4.299E-03 
63.72   125.05    591.23   3.454E-02   9.698E-01   -9.698E-01     1.187E-01     2.515E-09      0.000E+00       0.000E+00       0.000E+00      9.499E-03      4.299E-03 
74.50   875.55    849.33   -1.793E-02   -8.544E-01   8.544E-01     1.196E-01     4.980E-10      0.000E+00       0.000E+00       0.000E+00      9.561E-03      4.299E-03 
67.17   971.82    80.81   -1.335E-02   -8.017E-01   8.017E-01     1.186E-01     3.387E-10      0.000E+00       0.000E+00       0.000E+00      4.880E-03      4.279E-03 
75.90   235.02    614.34   2.759E-02   -2.396E-01   2.396E-01     1.184E-01     1.137E-09      0.000E+00       0.000E+00       0.000E+00      9.469E-03      4.298E-03 
63.32   793.51    214.80   -2.188E-02   3.130E-01   -3.130E-01     1.175E-01     1.022E-09      0.000E+00       0.000E+00       0.000E+00      9.078E-03      4.297E-03 
63.99   346.71    680.00   -3.245E-02   4.954E-01   -4.954E-01     1.172E-01     2.202E-09      0.000E+00       0.000E+00       0.000E+00      9.569E-03      4.299E-03 
72.99   942.85    859.61   -4.480E-02   2.978E-01   -2.978E-01     1.186E-01     3.237E-09      0.000E+00       0.000E+00       0.000E+00      9.576E-03      4.299E-03 
64.34   813.29    253.93   4.710E-02   7.001E-01   -7.001E-01     1.180E-01     4.589E-09      0.000E+00       0.000E+00       0.000E+00      8.909E-03      4.296E-03 
75.43   497.82    343.51   1.299E-02   -8.568E-01   8.568E-01     1.192E-01     2.551E-10      0.000E+00       0.000E+00       0.000E+00      9.184E-03      4.297E-03 
74.14   288.99    906.82   -2.661E-02   5.153E-01   -5.153E-01     1.180E-01     1.107E-09      0.000E+00       0.000E+00       0.000E+00      9.571E-03      4.299E-03 
72.65   985.29    514.39   -4.919E-02   -1.258E-01   1.258E-01     1.191E-01     3.939E-09      0.000E+00       0.000E+00       0.000E+00      9.506E-03      4.299E-03 
73.28   828.69    215.53   -3.837E-02   8.432E-01   -8.432E-01     1.184E-01     2.356E-09      0.000E+00       0.000E+00       0.000E+00      8.899E-03      4.296E-03 
75.99   455.34    743.62   3.059E-02   7.297E-01   -7.297E-01     1.194E-01     1.394E-09      0.000E+00       0.000E+00       0.000E+00      9.514E-03      4.299E-03 
74.32   712.70    502.25   -2.171E-02   6.363E-01   -6.363E-01     1.193E-01     7.337E-10      0.000E+00       0.000E+00       0.000E+00      9.460E-03      4.298E-03 
63.68   197.41    146.72   -2.812E-02   -4.299E-01   4.299E-01     1.183E-01     1.669E-09      0.000E+00       0.000E+00       0.000E+00      8.527E-03      4.294E-03 
75.36   960.36    213.96   4.582E-02   5.487E-01   -5.487E-01     1.187E-01     3.179E-09      0.000E+00       0.000E+00       0.000E+00      8.315E-03      4.293E-03 
73.17   651.27    278.83   -4.158E-02   5.228E-01   -5.228E-01     1.192E-01     2.775E-09      0.000E+00       0.000E+00       0.000E+00      9.201E-03      4.297E-03 
64.60   961.23    291.98   -4.100E-02   -4.245E-01   4.245E-01     1.180E-01     3.450E-09      0.000E+00       0.000E+00       0.000E+00      9.371E-03      4.298E-03 
72.71   155.06    141.34   -3.154E-02   -5.813E-01   5.813E-01     1.173E-01     1.617E-09      0.000E+00       0.000E+00       0.000E+00      7.907E-03      4.292E-03 
73.66   169.04    207.00   -2.887E-02   4.279E-01   -4.279E-01     1.182E-01     1.320E-09      0.000E+00       0.000E+00       0.000E+00      8.765E-03      4.295E-03 
72.94   995.86    537.89   -4.645E-02   -4.482E-01   4.482E-01     1.175E-01     3.485E-09      0.000E+00       0.000E+00       0.000E+00      9.512E-03      4.299E-03 
74.97   665.64    281.85   4.800E-04   -5.334E-01   5.334E-01     1.196E-01     3.524E-13      0.000E+00       0.000E+00       0.000E+00      9.028E-03      4.297E-03 
63.04   525.08    347.59   -1.638E-02   -8.166E-01   8.166E-01     1.193E-01     5.779E-10      0.000E+00       0.000E+00       0.000E+00      9.401E-03      4.298E-03 
73.99   444.72    264.47   -2.705E-02   -2.610E-01   2.610E-01     1.180E-01     1.149E-09      0.000E+00       0.000E+00       0.000E+00      9.079E-03      4.297E-03 
64.40   384.55    156.10   4.705E-02   -6.105E-02   6.105E-02     1.173E-01     4.571E-09      0.000E+00       0.000E+00       0.000E+00      7.767E-03      4.291E-03 
65.24   718.10    170.90   -4.989E-02   -7.456E-01   7.456E-01     1.172E-01     5.009E-09      0.000E+00       0.000E+00       0.000E+00      8.958E-03      4.296E-03 
74.27   213.93    470.07   -2.350E-02   5.653E-01   -5.653E-01     1.179E-01     8.606E-10      0.000E+00       0.000E+00       0.000E+00      9.440E-03      4.298E-03 
74.10   727.10    202.96   -1.835E-02   6.498E-01   -6.498E-01     1.176E-01     5.271E-10      0.000E+00       0.000E+00       0.000E+00      8.644E-03      4.295E-03 
73.15   96.89    171.64   -2.288E-02   1.807E-01   -1.807E-01     1.183E-01     8.409E-10      0.000E+00       0.000E+00       0.000E+00      8.350E-03      4.294E-03 
75.06   468.60    746.82   -3.949E-03   -5.858E-01   5.858E-01     1.196E-01     2.380E-11      0.000E+00       0.000E+00       0.000E+00      9.535E-03      4.299E-03 
75.74   744.14    277.10   3.790E-02   3.912E-01   -3.912E-01     1.177E-01     2.153E-09      0.000E+00       0.000E+00       0.000E+00      8.857E-03      4.296E-03 
65.19   469.73    423.73   -4.827E-02   -7.902E-01   7.902E-01     1.174E-01     4.696E-09      0.000E+00       0.000E+00       0.000E+00      9.508E-03      4.299E-03 
74.85   188.56    842.90   -1.011E-02   5.612E-01   -5.612E-01     1.176E-01     1.569E-10      0.000E+00       0.000E+00       0.000E+00      9.556E-03      4.299E-03 
63.24   712.84    553.26   2.414E-02   8.311E-01   -8.311E-01     1.187E-01     1.247E-09      0.000E+00       0.000E+00       0.000E+00      9.494E-03      4.299E-03 
74.13   90.02    697.24   1.894E-02   -4.422E-01   4.422E-01     1.194E-01     5.613E-10      0.000E+00       0.000E+00       0.000E+00      9.513E-03      4.299E-03 
72.70   410.80    420.75   -4.986E-02   -6.505E-01   6.505E-01     1.176E-01     4.041E-09      0.000E+00       0.000E+00       0.000E+00      9.452E-03      4.298E-03 
63.91   126.81    532.97   3.823E-02   -3.695E-01   3.695E-01     1.194E-01     3.064E-09      0.000E+00       0.000E+00       0.000E+00      9.467E-03      4.298E-03 
75.41   383.84    820.97   4.414E-03   3.002E-01   -3.002E-01     1.173E-01     2.947E-11      0.000E+00       0.000E+00       0.000E+00      9.545E-03      4.299E-03 
63.73   991.45    339.56   -2.856E-02   -7.955E-01   7.955E-01     1.175E-01     1.720E-09      0.000E+00       0.000E+00       0.000E+00      9.414E-03      4.298E-03 
72.79   749.41    879.29   -4.674E-02   -8.082E-02   8.082E-02     1.196E-01     3.543E-09      0.000E+00       0.000E+00       0.000E+00      9.578E-03      4.299E-03 
74.85   628.44    801.48   -1.127E-02   3.816E-01   -3.816E-01     1.176E-01     1.948E-10      0.000E+00       0.000E+00       0.000E+00      9.550E-03      4.299E-03 
75.63   380.23    764.19   1.351E-02   -4.030E-01   4.030E-01     1.185E-01     2.746E-10      0.000E+00       0.000E+00       0.000E+00      9.529E-03      4.299E-03 
73.31   840.84    160.11   -2.635E-02   -9.102E-01   9.102E-01     1.179E-01     1.110E-09      0.000E+00       0.000E+00       0.000E+00      8.192E-03      4.293E-03 
72.91   889.49    339.46   -4.674E-02   -2.913E-01   2.913E-01     1.180E-01     3.531E-09      0.000E+00       0.000E+00       0.000E+00      9.352E-03      4.298E-03 
72.93   202.62    813.97   -4.500E-02   4.573E-01   -4.573E-01     1.193E-01     3.270E-09      0.000E+00       0.000E+00       0.000E+00      9.571E-03      4.299E-03 
75.14   959.43    249.52   1.039E-02   -4.366E-01   4.366E-01     1.186E-01     1.646E-10      0.000E+00       0.000E+00       0.000E+00      8.818E-03      4.296E-03 
75.23   502.62    853.57   -1.474E-03   -4.808E-01   4.808E-01     1.173E-01     3.303E-12      0.000E+00       0.000E+00       0.000E+00      9.553E-03      4.299E-03 
72.82   96.37    541.03   -3.937E-02   -7.879E-01   7.879E-01     1.196E-01     2.512E-09      0.000E+00       0.000E+00       0.000E+00      9.506E-03      4.299E-03 
75.00   646.66    993.02   -6.824E-03   -3.138E-01   3.138E-01     1.183E-01     7.118E-11      0.000E+00       0.000E+00       0.000E+00      9.572E-03      4.299E-03 
74.96   565.87    223.89   8.494E-03   -3.077E-01   3.077E-01     1.181E-01     1.104E-10      0.000E+00       0.000E+00       0.000E+00      8.643E-03      4.295E-03 
74.15   888.52    894.78   -2.616E-02   8.799E-01   -8.799E-01     1.183E-01     1.070E-09      0.000E+00       0.000E+00       0.000E+00      9.570E-03      4.299E-03 
74.18   491.47    558.48   -2.515E-02   8.630E-01   -8.630E-01     1.187E-01     9.878E-10      0.000E+00       0.000E+00       0.000E+00      9.494E-03      4.299E-03 
75.30   583.71    377.85   6.272E-03   1.467E-01   -1.467E-01     1.191E-01     5.966E-11      0.000E+00       0.000E+00       0.000E+00      9.274E-03      4.298E-03 
74.82   970.87    525.34   -1.028E-02   -7.807E-01   7.807E-01     1.189E-01     1.624E-10      0.000E+00       0.000E+00       0.000E+00      9.459E-03      4.298E-03 
64.49   627.03    478.60   -3.949E-02   -4.749E-01   4.749E-01     1.175E-01     3.211E-09      0.000E+00       0.000E+00       0.000E+00      9.525E-03      4.299E-03 
75.10   833.09    557.36   -4.219E-03   -4.811E-01   4.811E-01     1.176E-01     2.715E-11      0.000E+00       0.000E+00       0.000E+00      9.470E-03      4.298E-03 
75.50   225.78    935.99   8.971E-03   -4.578E-02   4.578E-02     1.179E-01     1.214E-10      0.000E+00       0.000E+00       0.000E+00      9.560E-03      4.299E-03 
74.69   497.67    743.10   -1.361E-02   1.687E-01   -1.687E-01     1.196E-01     2.856E-10      0.000E+00       0.000E+00       0.000E+00      9.541E-03      4.299E-03 
63.35   510.64    244.86   -2.226E-02   4.805E-01   -4.805E-01     1.177E-01     1.056E-09      0.000E+00       0.000E+00       0.000E+00      9.203E-03      4.297E-03 
75.14   160.36    202.75   4.963E-02   -4.954E-01   4.954E-01     1.172E-01     3.751E-09      0.000E+00       0.000E+00       0.000E+00      8.153E-03      4.293E-03 
73.52   122.35    758.11   -3.407E-02   1.545E-01   -1.545E-01     1.187E-01     1.846E-09      0.000E+00       0.000E+00       0.000E+00      9.557E-03      4.299E-03 
75.35   990.53    843.00   2.797E-03   1.827E-01   -1.827E-01     1.177E-01     1.185E-11      0.000E+00       0.000E+00       0.000E+00      9.550E-03      4.299E-03 
75.01   479.87    974.48   -7.417E-03   -6.046E-01   6.046E-01     1.175E-01     8.407E-11      0.000E+00       0.000E+00       0.000E+00      9.571E-03      4.299E-03 
74.49   884.63    248.34   -1.351E-02   4.117E-01   -4.117E-01     1.179E-01     2.829E-10      0.000E+00       0.000E+00       0.000E+00      8.934E-03      4.296E-03 
72.27   253.52    115.21   5.671E-03   6.187E-01   -6.187E-01     1.191E-01     5.289E-11      0.000E+00       0.000E+00       0.000E+00      6.382E-03      4.285E-03 
75.83   194.39    960.74   2.417E-02   -3.061E-01   3.061E-01     1.192E-01     8.735E-10      0.000E+00       0.000E+00       0.000E+00      9.558E-03      4.299E-03 
74.83   352.39    706.42   -1.093E-02   -6.190E-01   6.190E-01     1.185E-01     1.835E-10      0.000E+00       0.000E+00       0.000E+00      9.530E-03      4.299E-03 
75.01   166.96    446.57   -3.712E-03   5.514E-01   -5.514E-01     1.173E-01     2.106E-11      0.000E+00       0.000E+00       0.000E+00      9.388E-03      4.298E-03 
75.98   115.12    889.64   4.965E-02   1.469E-01   -1.469E-01     1.189E-01     3.673E-09      0.000E+00       0.000E+00       0.000E+00      9.539E-03      4.299E-03 
74.06   672.45    195.67   -1.667E-02   -3.253E-01   3.253E-01     1.184E-01     4.356E-10      0.000E+00       0.000E+00       0.000E+00      8.561E-03      4.294E-03 
74.37   793.15    903.62   -2.161E-02   2.530E-01   -2.530E-01     1.185E-01     7.257E-10      0.000E+00       0.000E+00       0.000E+00      9.569E-03      4.299E-03 
75.59   192.17    682.77   1.558E-02   5.387E-01   -5.387E-01     1.196E-01     3.653E-10      0.000E+00       0.000E+00       0.000E+00      9.506E-03      4.299E-03 
72.39   219.33    138.38   -3.760E-02   -4.453E-01   4.453E-01     1.189E-01     2.318E-09      0.000E+00       0.000E+00       0.000E+00      7.944E-03      4.292E-03 
74.63   943.43    555.54   -1.574E-02   9.429E-01   -9.429E-01     1.182E-01     3.822E-10      0.000E+00       0.000E+00       0.000E+00      9.482E-03      4.298E-03 
74.23   245.08    447.61   -2.459E-02   9.028E-01   -9.028E-01     1.177E-01     9.432E-10      0.000E+00       0.000E+00       0.000E+00      9.424E-03      4.298E-03 
62.62   777.89    391.44   -6.937E-03   4.403E-01   -4.403E-01     1.175E-01     1.050E-10      0.000E+00       0.000E+00       0.000E+00      9.433E-03      4.298E-03 
74.19   908.32    835.28   -2.488E-02   2.666E-01   -2.666E-01     1.191E-01     9.669E-10      0.000E+00       0.000E+00       0.000E+00      9.562E-03      4.299E-03 
75.10   381.64    980.88   -4.234E-03   2.570E-01   -2.570E-01     1.181E-01     2.733E-11      0.000E+00       0.000E+00       0.000E+00      9.570E-03      4.299E-03 
64.16   498.79    225.48   -3.506E-02   -6.522E-02   6.522E-02     1.185E-01     2.557E-09      0.000E+00       0.000E+00       0.000E+00      9.181E-03      4.297E-03 
62.82   998.19    382.81   1.390E-02   -5.469E-01   5.469E-01     1.176E-01     4.188E-10      0.000E+00       0.000E+00       0.000E+00      9.382E-03      4.298E-03 
74.14   880.13    158.03   1.256E-02   1.130E-01   -1.130E-01     1.172E-01     2.465E-10      0.000E+00       0.000E+00       0.000E+00      7.687E-03      4.291E-03 
72.81   503.53    173.94   -4.180E-02   -8.503E-01   8.503E-01     1.190E-01     2.832E-09      0.000E+00       0.000E+00       0.000E+00      8.572E-03      4.295E-03 
68.69   311.27    83.69   -8.133E-03   -1.561E-01   1.561E-01     1.185E-01     1.203E-10      0.000E+00       0.000E+00       0.000E+00      4.761E-03      4.278E-03 
75.02   600.78    286.26   7.507E-04   -9.467E-01   9.467E-01     1.185E-01     8.609E-13      0.000E+00       0.000E+00       0.000E+00      9.044E-03      4.297E-03 
63.52   647.15    368.66   -2.495E-02   4.183E-01   -4.183E-01     1.181E-01     1.321E-09      0.000E+00       0.000E+00       0.000E+00      9.439E-03      4.298E-03 
73.86   813.73    456.92   -3.182E-02   -3.790E-01   3.790E-01     1.179E-01     1.596E-09      0.000E+00       0.000E+00       0.000E+00      9.444E-03      4.298E-03 
63.75   456.79    767.84   3.550E-02   -1.640E-01   1.640E-01     1.176E-01     2.656E-09      0.000E+00       0.000E+00       0.000E+00      9.547E-03      4.299E-03 
75.86   906.60    542.07   2.410E-02   -2.093E-01   2.093E-01     1.178E-01     8.682E-10      0.000E+00       0.000E+00       0.000E+00      9.430E-03      4.298E-03 
74.98   955.09    434.06   -6.179E-03   3.862E-01   -3.862E-01     1.181E-01     5.841E-11      0.000E+00       0.000E+00       0.000E+00      9.378E-03      4.298E-03 
65.22   513.28    859.60   -4.802E-02   2.923E-01   -2.923E-01     1.188E-01     4.645E-09      0.000E+00       0.000E+00       0.000E+00      9.591E-03      4.299E-03 
64.41   863.66    676.96   4.904E-02   -2.690E-01   2.690E-01     1.181E-01     4.964E-09      0.000E+00       0.000E+00       0.000E+00      9.516E-03      4.299E-03 
73.68   725.00    810.62   -3.447E-02   8.833E-01   -8.833E-01     1.184E-01     1.882E-09      0.000E+00       0.000E+00       0.000E+00      9.564E-03      4.299E-03 
74.79   170.91    759.51   -1.033E-02   -6.636E-01   6.636E-01     1.186E-01     1.641E-10      0.000E+00       0.000E+00       0.000E+00      9.542E-03      4.299E-03 
73.78   894.92    345.06   -3.333E-02   3.357E-01   -3.357E-01     1.172E-01     1.754E-09      0.000E+00       0.000E+00       0.000E+00      9.318E-03      4.298E-03 
64.30   684.72    383.88   4.653E-02   -9.076E-01   9.076E-01     1.190E-01     4.484E-09      0.000E+00       0.000E+00       0.000E+00      9.308E-03      4.298E-03 
74.83   170.99    688.37   -8.295E-03   -6.488E-01   6.488E-01     1.194E-01     1.056E-10      0.000E+00       0.000E+00       0.000E+00      9.524E-03      4.299E-03 
63.65   195.51    98.00   -2.775E-02   -9.507E-01   9.507E-01     1.181E-01     1.628E-09      0.000E+00       0.000E+00       0.000E+00      7.189E-03      4.289E-03 
74.42   627.69    398.29   -2.061E-02   -4.726E-01   4.726E-01     1.172E-01     6.592E-10      0.000E+00       0.000E+00       0.000E+00      9.364E-03      4.298E-03 
75.42   715.04    805.01   5.451E-03   1.280E-01   -1.280E-01     1.182E-01     4.493E-11      0.000E+00       0.000E+00       0.000E+00      9.542E-03      4.299E-03 
63.83   672.89    925.83   3.723E-02   -5.112E-01   5.112E-01     1.185E-01     2.913E-09      0.000E+00       0.000E+00       0.000E+00      9.568E-03      4.299E-03 
63.57   80.73    414.46   2.979E-02   8.313E-01   -8.313E-01     1.188E-01     1.879E-09      0.000E+00       0.000E+00       0.000E+00      9.385E-03      4.298E-03 
74.81   521.80    255.24   -3.324E-03   -6.576E-01   6.576E-01     1.186E-01     1.697E-11      0.000E+00       0.000E+00       0.000E+00      8.919E-03      4.296E-03 
74.06   141.87    600.63   -2.496E-02   -1.723E-01   1.723E-01     1.191E-01     9.763E-10      0.000E+00       0.000E+00       0.000E+00      9.511E-03      4.299E-03 
75.70   360.87    493.97   1.826E-02   -5.089E-01   5.089E-01     1.179E-01     5.004E-10      0.000E+00       0.000E+00       0.000E+00      9.400E-03      4.298E-03 
64.80   197.76    287.96   -4.372E-02   -1.971E-01   1.971E-01     1.178E-01     3.900E-09      0.000E+00       0.000E+00       0.000E+00      9.370E-03      4.298E-03 
75.19   938.08    991.09   -2.080E-03   3.001E-01   -3.001E-01     1.179E-01     6.582E-12      0.000E+00       0.000E+00       0.000E+00      9.570E-03      4.299E-03 
72.71   147.80    553.50   -4.890E-02   2.398E-01   -2.398E-01     1.176E-01     3.885E-09      0.000E+00       0.000E+00       0.000E+00      9.521E-03      4.299E-03 
75.05   311.07    767.95   -5.987E-03   7.863E-01   -7.863E-01     1.175E-01     5.473E-11      0.000E+00       0.000E+00       0.000E+00      9.541E-03      4.299E-03 
63.61   486.97    142.31   -2.684E-02   1.009E-01   -1.009E-01     1.193E-01     1.524E-09      0.000E+00       0.000E+00       0.000E+00      8.446E-03      4.294E-03 
75.69   305.59    481.51   1.771E-02   9.334E-01   -9.334E-01     1.172E-01     4.707E-10      0.000E+00       0.000E+00       0.000E+00      9.389E-03      4.298E-03 
74.01   462.15    297.94   -2.810E-02   6.696E-01   -6.696E-01     1.176E-01     1.239E-09      0.000E+00       0.000E+00       0.000E+00      9.196E-03      4.297E-03 
69.86   661.79    87.18   -3.485E-03   2.103E-01   -2.103E-01     1.176E-01     2.136E-11      0.000E+00       0.000E+00       0.000E+00      4.802E-03      4.278E-03 
74.76   399.45    288.22   -7.211E-03   -3.200E-01   3.200E-01     1.194E-01     8.001E-11      0.000E+00       0.000E+00       0.000E+00      9.083E-03      4.297E-03 
63.36   428.88    743.93   -2.214E-02   7.340E-01   -7.340E-01     1.183E-01     1.045E-09      0.000E+00       0.000E+00       0.000E+00      9.573E-03      4.299E-03 
73.69   247.60    416.07   -3.409E-02   1.992E-01   -1.992E-01     1.186E-01     1.840E-09      0.000E+00       0.000E+00       0.000E+00      9.414E-03      4.298E-03 
75.52   371.70    245.88   3.652E-02   2.357E-01   -2.357E-01     1.194E-01     2.012E-09      0.000E+00       0.000E+00       0.000E+00      8.665E-03      4.295E-03 
74.65   721.84    967.45   -1.544E-02   -5.036E-01   5.036E-01     1.187E-01     3.677E-10      0.000E+00       0.000E+00       0.000E+00      9.573E-03      4.299E-03 
64.36   656.94    433.68   4.770E-02   3.386E-01   -3.386E-01     1.187E-01     4.705E-09      0.000E+00       0.000E+00       0.000E+00      9.372E-03      4.298E-03 
74.61   512.34    186.94   1.029E-02   -4.646E-01   4.646E-01     1.188E-01     1.634E-10      0.000E+00       0.000E+00       0.000E+00      8.227E-03      4.293E-03 
73.26   886.40    143.21   -1.492E-02   8.359E-01   -8.359E-01     1.174E-01     3.565E-10      0.000E+00       0.000E+00       0.000E+00      7.695E-03      4.291E-03 
73.63   580.04    425.78   -3.480E-02   4.232E-01   -4.232E-01     1.192E-01     1.919E-09      0.000E+00       0.000E+00       0.000E+00      9.425E-03      4.298E-03 
73.50   378.17    207.33   -3.395E-02   5.643E-01   -5.643E-01     1.176E-01     1.834E-09      0.000E+00       0.000E+00       0.000E+00      8.806E-03      4.296E-03 
72.98   457.02    203.20   -4.268E-02   -5.131E-01   5.131E-01     1.187E-01     2.939E-09      0.000E+00       0.000E+00       0.000E+00      8.850E-03      4.296E-03 
73.02   638.43    819.05   -4.396E-02   7.663E-01   -7.663E-01     1.192E-01     3.114E-09      0.000E+00       0.000E+00       0.000E+00      9.571E-03      4.299E-03 
73.87   506.81    494.02   -3.085E-02   -9.995E-01   9.995E-01     1.188E-01     1.499E-09      0.000E+00       0.000E+00       0.000E+00      9.468E-03      4.298E-03 
74.93   828.32    274.92   -2.581E-03   8.824E-01   -8.824E-01     1.176E-01     1.020E-11      0.000E+00       0.000E+00       0.000E+00      9.010E-03      4.296E-03 
75.72   259.47    540.43   2.046E-02   -1.100E-01   1.100E-01     1.193E-01     6.278E-10      0.000E+00       0.000E+00       0.000E+00      9.433E-03      4.298E-03 
74.93   956.92    523.92   -7.998E-03   -5.767E-01   5.767E-01     1.184E-01     9.798E-11      0.000E+00       0.000E+00       0.000E+00      9.455E-03      4.298E-03 
73.57   834.58    168.67   -2.267E-02   9.803E-01   -9.803E-01     1.181E-01     8.163E-10      0.000E+00       0.000E+00       0.000E+00      8.283E-03      4.293E-03 
74.74   337.20    456.04   -1.322E-02   -6.107E-01   6.107E-01     1.174E-01     2.691E-10      0.000E+00       0.000E+00       0.000E+00      9.412E-03      4.298E-03 
