Mv1      lamL   xs_14TeV    xs_lim_36.1(fb)    xs_lim_100(fb)    xs_lim_3000(fb)
100.0    1.00       88.83          111.05             66.72             12.18
100.0    2.00       354.96          131.50             79.01             14.42
100.0    3.00       798.13          171.13             102.82             18.77
100.0    4.00       1422.10          255.77             153.68             28.06
100.0    5.00       2219.60          283.97             170.62             31.15
100.0    6.00       3192.20          461.46             277.26             50.62
100.0    7.00       4346.20          551.88             331.59             60.54
100.0    8.00       5683.20          744.00             447.02             81.61
100.0    9.00       7189.80          853.13             512.59             93.59
100.0    10.00       8873.70          1085.38             652.13             119.06
100.0    11.00       10748.00          1268.34             762.06             139.13
100.0    12.00       12788.00          1359.47             816.81             149.13
110.0    1.00       57.24          94.78             56.95             10.40
110.0    2.00       229.24          126.22             75.84             13.85
110.0    3.00       515.79          151.63             91.10             16.63
110.0    4.00       915.99          181.53             109.07             19.91
110.0    5.00       1432.00          256.85             154.32             28.18
110.0    6.00       2063.00          307.37             184.68             33.72
110.0    7.00       2808.40          370.04             222.33             40.59
110.0    8.00       3664.70          470.76             282.85             51.64
110.0    9.00       4647.80          556.42             334.32             61.04
110.0    10.00       5737.40          673.44             404.62             73.87
110.0    11.00       6937.90          819.93             492.64             89.94
110.0    12.00       8252.40          990.43             595.08             108.65
120.0    1.00       38.32          98.39             59.12             10.79
120.0    2.00       153.38          129.46             77.78             14.20
120.0    3.00       345.23          144.95             87.09             15.90
120.0    4.00       613.59          155.64             93.51             17.07
120.0    5.00       957.44          180.68             108.56             19.82
120.0    6.00       1378.30          226.14             135.87             24.81
120.0    7.00       1879.70          263.94             158.58             28.95
120.0    8.00       2454.50          353.83             212.59             38.81
120.0    9.00       3108.40          399.85             240.24             43.86
120.0    10.00       3834.90          513.23             308.36             56.30
120.0    11.00       4633.40          565.91             340.02             62.08
120.0    12.00       5521.00          674.90             405.50             74.03
130.0    1.00       26.44          126.63             76.08             13.89
130.0    2.00       105.96          94.81             56.96             10.40
130.0    3.00       237.92          118.22             71.03             12.97
130.0    4.00       421.80          126.20             75.82             13.84
130.0    5.00       659.95          161.00             96.73             17.66
130.0    6.00       951.73          194.02             116.57             21.28
130.0    7.00       1295.40          227.72             136.82             24.98
130.0    8.00       1692.80          248.22             149.14             27.23
130.0    9.00       2137.30          316.19             189.98             34.69
130.0    10.00       2638.70          357.02             214.51             39.16
130.0    11.00       3192.70          413.62             248.51             45.37
130.0    12.00       3812.60          477.11             286.66             52.34
140.0    1.00       18.67          96.95             58.25             10.63
140.0    2.00       74.59          92.73             55.71             10.17
140.0    3.00       168.15          106.96             64.26             11.73
140.0    4.00       298.95          108.28             65.06             11.88
140.0    5.00       466.87          142.18             85.43             15.60
140.0    6.00       672.84          157.78             94.80             17.31
140.0    7.00       914.36          175.47             105.43             19.25
140.0    8.00       1194.00          199.95             120.14             21.93
140.0    9.00       1514.10          234.95             141.17             25.77
140.0    10.00       1868.00          275.47             165.51             30.22
140.0    11.00       2262.60          321.86             193.38             35.31
140.0    12.00       2689.50          360.97             216.88             39.60
150.0    1.00       13.47          97.50             58.58             10.70
150.0    2.00       53.89          98.86             59.40             10.84
150.0    3.00       121.54          102.33             61.49             11.23
150.0    4.00       216.03          109.93             66.05             12.06
150.0    5.00       337.02          137.84             82.82             15.12
150.0    6.00       486.46          130.32             78.30             14.30
150.0    7.00       661.67          158.47             95.21             17.38
150.0    8.00       864.88          154.50             92.83             16.95
150.0    9.00       1091.30          200.26             120.33             21.97
150.0    10.00       1348.30          217.19             130.49             23.82
150.0    11.00       1631.60          241.92             145.35             26.54
150.0    12.00       1943.40          299.72             180.08             32.88
160.0    1.00       9.93          97.14             58.37             10.66
160.0    2.00       39.76          95.43             57.34             10.47
160.0    3.00       89.41          99.24             59.63             10.89
160.0    4.00       158.94          97.90             58.82             10.74
160.0    5.00       248.21          129.06             77.54             14.16
160.0    6.00       357.31          116.21             69.82             12.75
160.0    7.00       486.57          137.56             82.65             15.09
160.0    8.00       635.13          135.90             81.65             14.91
160.0    9.00       804.03          156.39             93.96             17.16
160.0    10.00       993.07          172.47             103.63             18.92
160.0    11.00       1202.50          191.18             114.87             20.97
160.0    12.00       1432.60          230.40             138.43             25.27
170.0    1.00       7.44          77.93             46.82             8.55
170.0    2.00       29.75          92.52             55.59             10.15
170.0    3.00       66.92          100.62             60.46             11.04
170.0    4.00       118.95          101.05             60.72             11.09
170.0    5.00       185.65          92.30             55.45             10.12
170.0    6.00       267.42          109.74             65.93             12.04
170.0    7.00       363.92          129.79             77.98             14.24
170.0    8.00       476.23          120.88             72.63             13.26
170.0    9.00       601.63          139.72             83.95             15.33
170.0    10.00       742.36          143.38             86.15             15.73
170.0    11.00       899.61          177.24             106.49             19.44
170.0    12.00       1068.80          181.34             108.95             19.89
180.0    1.00       5.64          80.26             48.22             8.80
180.0    2.00       22.56          81.78             49.14             8.97
180.0    3.00       50.78          88.30             53.05             9.69
180.0    4.00       90.29          91.93             55.23             10.08
180.0    5.00       141.00          90.89             54.61             9.97
180.0    6.00       202.83          94.15             56.57             10.33
180.0    7.00       276.53          116.63             70.07             12.79
180.0    8.00       361.71          129.97             78.09             14.26
180.0    9.00       456.59          125.30             75.28             13.75
180.0    10.00       563.89          130.54             78.43             14.32
180.0    11.00       682.66          148.83             89.42             16.33
180.0    12.00       812.10          162.20             97.45             17.79
190.0    1.00       4.33          90.09             54.13             9.88
190.0    2.00       17.35          82.44             49.53             9.04
190.0    3.00       39.01          93.38             56.11             10.24
190.0    4.00       69.38          87.56             52.61             9.60
190.0    5.00       108.57          100.50             60.39             11.02
190.0    6.00       156.10          90.70             54.50             9.95
190.0    7.00       212.45          90.26             54.23             9.90
190.0    8.00       277.51          107.31             64.48             11.77
190.0    9.00       351.13          114.03             68.52             12.51
190.0    10.00       433.27          134.51             80.82             14.76
190.0    11.00       524.99          125.11             75.17             13.72
190.0    12.00       623.72          131.62             79.08             14.44
200.0    1.00       3.37          79.69             47.88             8.74
200.0    2.00       13.50          80.96             48.65             8.88
200.0    3.00       30.32          82.86             49.78             9.09
200.0    4.00       53.98          83.11             49.93             9.12
200.0    5.00       84.45          81.24             48.81             8.91
200.0    6.00       121.56          91.04             54.70             9.99
200.0    7.00       165.06          90.38             54.30             9.91
200.0    8.00       215.87          92.98             55.87             10.20
200.0    9.00       273.48          103.41             62.13             11.34
200.0    10.00       337.89          111.80             67.18             12.26
200.0    11.00       408.48          119.59             71.85             13.12
200.0    12.00       486.03          120.53             72.42             13.22
210.0    1.00       2.65          71.15             42.75             7.80
210.0    2.00       10.60          78.54             47.19             8.62
210.0    3.00       23.88          75.70             45.48             8.30
210.0    4.00       42.48          81.72             49.10             8.96
210.0    5.00       66.25          78.70             47.29             8.63
210.0    6.00       95.63          93.64             56.26             10.27
210.0    7.00       129.99          101.51             60.99             11.13
210.0    8.00       169.75          107.39             64.52             11.78
210.0    9.00       214.99          98.14             58.97             10.77
210.0    10.00       264.99          100.63             60.46             11.04
210.0    11.00       320.47          108.91             65.43             11.95
210.0    12.00       381.79          112.62             67.67             12.35
220.0    1.00       2.10          67.78             40.72             7.44
220.0    2.00       8.42          71.06             42.70             7.80
220.0    3.00       18.96          75.59             45.42             8.29
220.0    4.00       33.73          78.16             46.96             8.57
220.0    5.00       52.64          79.47             47.75             8.72
220.0    6.00       75.83          79.17             47.57             8.69
220.0    7.00       103.14          83.84             50.37             9.20
220.0    8.00       134.81          92.58             55.62             10.16
220.0    9.00       170.33          90.02             54.09             9.88
220.0    10.00       210.54          90.32             54.27             9.91
220.0    11.00       254.89          96.96             58.26             10.64
220.0    12.00       303.36          97.84             58.79             10.73
230.0    1.00       1.69          80.65             48.46             8.85
230.0    2.00       6.74          79.63             47.84             8.73
230.0    3.00       15.17          71.05             42.69             7.79
230.0    4.00       26.98          78.59             47.22             8.62
230.0    5.00       42.15          80.60             48.43             8.84
230.0    6.00       60.61          82.22             49.40             9.02
230.0    7.00       82.61          78.47             47.15             8.61
230.0    8.00       107.91          78.46             47.14             8.61
230.0    9.00       136.53          79.67             47.87             8.74
230.0    10.00       168.46          89.12             53.54             9.78
230.0    11.00       203.73          80.92             48.62             8.88
230.0    12.00       242.79          99.32             59.67             10.89
240.0    1.00       1.36          70.75             42.51             7.76
240.0    2.00       5.43          66.50             39.95             7.29
240.0    3.00       12.24          73.14             43.95             8.02
240.0    4.00       21.77          78.47             47.15             8.61
240.0    5.00       34.01          75.91             45.61             8.33
240.0    6.00       48.97          77.18             46.37             8.47
240.0    7.00       66.60          84.17             50.57             9.23
240.0    8.00       87.15          79.47             47.75             8.72
240.0    9.00       109.97          91.94             55.24             10.09
240.0    10.00       135.90          93.45             56.15             10.25
240.0    11.00       164.61          93.18             55.98             10.22
240.0    12.00       196.12          89.33             53.67             9.80
250.0    1.00       1.11          67.17             40.36             7.37
250.0    2.00       4.42          67.19             40.37             7.37
250.0    3.00       9.95          71.76             43.12             7.87
250.0    4.00       17.69          80.95             48.64             8.88
250.0    5.00       27.68          72.37             43.48             7.94
250.0    6.00       39.85          73.66             44.26             8.08
250.0    7.00       54.11          73.99             44.46             8.12
250.0    8.00       70.73          77.14             46.35             8.46
250.0    9.00       89.61          67.89             40.79             7.45
250.0    10.00       110.56          76.34             45.87             8.37
250.0    11.00       133.87          81.81             49.16             8.97
250.0    12.00       159.18          77.55             46.59             8.51
260.0    1.00       0.91          66.89             40.19             7.34
260.0    2.00       3.62          68.97             41.44             7.57
260.0    3.00       8.13          64.74             38.90             7.10
260.0    4.00       14.48          66.97             40.24             7.35
260.0    5.00       22.62          62.69             37.67             6.88
260.0    6.00       32.54          65.73             39.49             7.21
260.0    7.00       44.28          77.74             46.71             8.53
260.0    8.00       57.85          69.43             41.71             7.62
260.0    9.00       73.18          67.98             40.85             7.46
260.0    10.00       90.37          70.52             42.37             7.74
260.0    11.00       109.47          75.14             45.14             8.24
260.0    12.00       130.39          82.43             49.53             9.04
270.0    1.00       0.75          69.57             41.80             7.63
270.0    2.00       2.99          66.55             39.99             7.30
270.0    3.00       6.70          66.85             40.17             7.33
270.0    4.00       11.91          72.52             43.57             7.95
270.0    5.00       18.64          65.57             39.40             7.19
270.0    6.00       26.81          68.73             41.29             7.54
270.0    7.00       36.51          73.09             43.91             8.02
270.0    8.00       47.70          81.76             49.12             8.97
270.0    9.00       60.35          68.14             40.94             7.48
270.0    10.00       74.52          71.26             42.81             7.82
270.0    11.00       90.17          74.65             44.85             8.19
270.0    12.00       107.38          76.33             45.86             8.37
280.0    1.00       0.62          74.02             44.47             8.12
280.0    2.00       2.47          67.54             40.58             7.41
280.0    3.00       5.55          63.14             37.93             6.93
280.0    4.00       9.87          64.64             38.84             7.09
280.0    5.00       15.42          72.51             43.56             7.95
280.0    6.00       22.22          68.09             40.91             7.47
280.0    7.00       30.21          69.78             41.93             7.65
280.0    8.00       39.52          78.97             47.45             8.66
280.0    9.00       49.95          71.94             43.22             7.89
280.0    10.00       61.77          67.53             40.57             7.41
280.0    11.00       74.66          72.04             43.29             7.90
280.0    12.00       88.87          75.09             45.12             8.24
290.0    1.00       0.51          67.38             40.48             7.39
290.0    2.00       2.06          65.47             39.34             7.18
290.0    3.00       4.63          66.94             40.22             7.34
290.0    4.00       8.22          68.80             41.34             7.55
290.0    5.00       12.87          70.00             42.06             7.68
290.0    6.00       18.52          63.47             38.13             6.96
290.0    7.00       25.16          65.84             39.56             7.22
290.0    8.00       32.86          76.75             46.11             8.42
290.0    9.00       41.60          67.13             40.33             7.36
290.0    10.00       51.42          76.71             46.09             8.41
290.0    11.00       62.15          66.39             39.89             7.28
290.0    12.00       73.98          69.19             41.57             7.59
300.0    1.00       0.43          65.59             39.41             7.20
300.0    2.00       1.72          63.07             37.89             6.92
300.0    3.00       3.87          70.38             42.29             7.72
300.0    4.00       6.87          67.38             40.48             7.39
300.0    5.00       10.76          64.47             38.74             7.07
300.0    6.00       15.48          61.69             37.07             6.77
300.0    7.00       21.07          64.58             38.80             7.08
300.0    8.00       27.51          64.61             38.82             7.09
300.0    9.00       34.82          69.62             41.83             7.64
300.0    10.00       42.98          67.48             40.54             7.40
300.0    11.00       52.05          68.68             41.27             7.53
300.0    12.00       61.91          66.59             40.01             7.31
310.0    1.00       0.36          60.12             36.12             6.59
310.0    2.00       1.45          65.42             39.31             7.18
310.0    3.00       3.25          64.84             38.96             7.11
310.0    4.00       5.79          58.12             34.92             6.38
310.0    5.00       9.04          67.81             40.74             7.44
310.0    6.00       13.02          64.18             38.56             7.04
310.0    7.00       17.70          63.18             37.96             6.93
310.0    8.00       23.14          62.70             37.67             6.88
310.0    9.00       29.29          65.68             39.46             7.20
310.0    10.00       36.14          65.98             39.64             7.24
310.0    11.00       43.77          66.56             39.99             7.30
310.0    12.00       52.10          61.56             36.99             6.75
320.0    1.00       0.31          62.27             37.42             6.83
320.0    2.00       1.22          62.35             37.46             6.84
320.0    3.00       2.75          58.68             35.25             6.44
320.0    4.00       4.89          65.20             39.18             7.15
320.0    5.00       7.64          65.67             39.45             7.20
320.0    6.00       10.97          61.56             36.99             6.75
320.0    7.00       14.97          60.81             36.54             6.67
320.0    8.00       19.55          60.95             36.62             6.69
320.0    9.00       24.77          63.71             38.28             6.99
320.0    10.00       30.59          65.54             39.38             7.19
320.0    11.00       37.00          64.42             38.70             7.07
320.0    12.00       43.95          71.13             42.74             7.80
330.0    1.00       0.26          59.08             35.50             6.48
330.0    2.00       1.04          54.50             32.74             5.98
330.0    3.00       2.33          62.89             37.78             6.90
330.0    4.00       4.14          68.20             40.98             7.48
330.0    5.00       6.48          56.84             34.15             6.24
330.0    6.00       9.31          61.43             36.91             6.74
330.0    7.00       12.68          61.06             36.68             6.70
330.0    8.00       16.59          57.96             34.83             6.36
330.0    9.00       21.01          61.90             37.19             6.79
330.0    10.00       25.89          63.79             38.33             7.00
330.0    11.00       31.32          56.50             33.95             6.20
330.0    12.00       37.28          71.42             42.91             7.83
340.0    1.00       0.22          54.79             32.92             6.01
340.0    2.00       0.88          59.14             35.53             6.49
340.0    3.00       1.99          66.22             39.78             7.26
340.0    4.00       3.53          61.64             37.03             6.76
340.0    5.00       5.52          60.51             36.35             6.64
340.0    6.00       7.95          56.23             33.79             6.17
340.0    7.00       10.81          65.91             39.60             7.23
340.0    8.00       14.13          60.54             36.37             6.64
340.0    9.00       17.87          61.86             37.17             6.79
340.0    10.00       22.09          64.63             38.83             7.09
340.0    11.00       26.71          61.07             36.69             6.70
340.0    12.00       31.75          66.57             40.00             7.30
350.0    1.00       0.19          65.07             39.10             7.14
350.0    2.00       0.75          59.13             35.53             6.49
350.0    3.00       1.70          62.38             37.48             6.84
350.0    4.00       3.02          55.86             33.56             6.13
350.0    5.00       4.71          60.66             36.45             6.65
350.0    6.00       6.79          62.11             37.32             6.81
350.0    7.00       9.24          59.35             35.66             6.51
350.0    8.00       12.07          71.05             42.69             7.79
350.0    9.00       15.26          61.03             36.67             6.70
350.0    10.00       18.87          60.27             36.21             6.61
350.0    11.00       22.81          64.70             38.87             7.10
350.0    12.00       27.18          61.93             37.21             6.79
360.0    1.00       0.16          65.82             39.55             7.22
360.0    2.00       0.65          50.80             30.52             5.57
360.0    3.00       1.46          61.70             37.07             6.77
360.0    4.00       2.59          59.67             35.85             6.55
360.0    5.00       4.05          66.88             40.19             7.34
360.0    6.00       5.82          53.83             32.34             5.90
360.0    7.00       7.92          67.20             40.37             7.37
360.0    8.00       10.35          57.88             34.78             6.35
360.0    9.00       13.11          62.59             37.60             6.87
360.0    10.00       16.15          58.12             34.92             6.38
360.0    11.00       19.59          58.93             35.41             6.46
360.0    12.00       23.26          59.80             35.93             6.56
370.0    1.00       0.14          56.76             34.10             6.23
370.0    2.00       0.56          54.46             32.72             5.97
370.0    3.00       1.25          55.03             33.07             6.04
370.0    4.00       2.22          59.24             35.59             6.50
370.0    5.00       3.48          59.32             35.64             6.51
370.0    6.00       5.01          63.32             38.04             6.95
370.0    7.00       6.83          65.11             39.12             7.14
370.0    8.00       8.91          59.73             35.89             6.55
370.0    9.00       11.26          57.75             34.70             6.33
370.0    10.00       13.87          58.90             35.39             6.46
370.0    11.00       16.84          60.94             36.61             6.68
370.0    12.00       20.05          60.35             36.26             6.62
380.0    1.00       0.12          56.20             33.77             6.16
380.0    2.00       0.48          52.79             31.72             5.79
380.0    3.00       1.08          59.15             35.54             6.49
380.0    4.00       1.92          55.25             33.20             6.06
380.0    5.00       3.00          54.64             32.83             5.99
380.0    6.00       4.32          55.08             33.09             6.04
380.0    7.00       5.88          50.27             30.21             5.51
380.0    8.00       7.71          52.98             31.83             5.81
380.0    9.00       9.73          59.99             36.04             6.58
380.0    10.00       12.01          56.51             33.95             6.20
380.0    11.00       14.53          57.43             34.50             6.30
380.0    12.00       17.29          54.14             32.53             5.94
390.0    1.00       0.10          52.77             31.71             5.79
390.0    2.00       0.42          57.15             34.34             6.27
390.0    3.00       0.93          63.23             37.99             6.94
390.0    4.00       1.66          53.86             32.36             5.91
390.0    5.00       2.60          56.93             34.21             6.25
390.0    6.00       3.74          54.18             32.56             5.94
390.0    7.00       5.09          53.77             32.31             5.90
390.0    8.00       6.65          54.39             32.68             5.97
390.0    9.00       8.43          57.73             34.68             6.33
390.0    10.00       10.40          56.76             34.10             6.23
390.0    11.00       12.57          53.32             32.04             5.85
390.0    12.00       14.96          58.78             35.32             6.45
400.0    1.00       0.09          54.09             32.50             5.93
400.0    2.00       0.36          54.97             33.03             6.03
400.0    3.00       0.81          53.97             32.43             5.92
400.0    4.00       1.44          61.48             36.94             6.74
400.0    5.00       2.25          59.65             35.84             6.54
400.0    6.00       3.25          61.19             36.76             6.71
400.0    7.00       4.41          58.60             35.21             6.43
400.0    8.00       5.78          57.73             34.68             6.33
400.0    9.00       7.31          50.81             30.53             5.57
400.0    10.00       9.02          54.55             32.78             5.98
400.0    11.00       10.92          55.54             33.37             6.09
400.0    12.00       12.99          53.34             32.05             5.85
410.0    1.00       0.08          54.26             32.60             5.95
410.0    2.00       0.31          56.59             34.00             6.21
410.0    3.00       0.71          56.98             34.24             6.25
410.0    4.00       1.26          49.53             29.76             5.43
410.0    5.00       1.97          60.03             36.07             6.59
410.0    6.00       2.83          60.52             36.36             6.64
410.0    7.00       3.85          55.56             33.38             6.10
410.0    8.00       5.03          52.16             31.34             5.72
410.0    9.00       6.37          51.34             30.85             5.63
410.0    10.00       7.86          52.20             31.36             5.73
410.0    11.00       9.51          52.94             31.81             5.81
410.0    12.00       11.31          58.90             35.39             6.46
420.0    1.00       0.07          53.42             32.10             5.86
420.0    2.00       0.27          55.85             33.56             6.13
420.0    3.00       0.62          48.12             28.91             5.28
420.0    4.00       1.10          47.62             28.61             5.22
420.0    5.00       1.72          53.38             32.07             5.86
420.0    6.00       2.47          53.75             32.30             5.90
420.0    7.00       3.36          56.25             33.80             6.17
420.0    8.00       4.38          56.88             34.17             6.24
420.0    9.00       5.56          53.81             32.33             5.90
420.0    10.00       6.87          48.53             29.16             5.32
420.0    11.00       8.31          54.16             32.54             5.94
420.0    12.00       9.87          53.94             32.41             5.92
430.0    1.00       0.06          61.38             36.88             6.73
430.0    2.00       0.24          52.78             31.71             5.79
430.0    3.00       0.54          50.49             30.34             5.54
430.0    4.00       0.96          52.35             31.46             5.74
430.0    5.00       1.50          55.57             33.39             6.10
430.0    6.00       2.16          54.07             32.48             5.93
430.0    7.00       2.94          52.02             31.25             5.71
430.0    8.00       3.84          55.03             33.07             6.04
430.0    9.00       4.85          55.64             33.43             6.10
430.0    10.00       5.99          51.02             30.65             5.60
430.0    11.00       7.26          55.81             33.53             6.12
430.0    12.00       8.63          57.56             34.58             6.31
440.0    1.00       0.05          51.66             31.04             5.67
440.0    2.00       0.21          50.62             30.41             5.55
440.0    3.00       0.47          50.64             30.43             5.55
440.0    4.00       0.84          53.98             32.43             5.92
440.0    5.00       1.32          53.18             31.95             5.83
440.0    6.00       1.89          50.59             30.39             5.55
440.0    7.00       2.57          57.88             34.78             6.35
440.0    8.00       3.37          57.36             34.46             6.29
440.0    9.00       4.25          53.06             31.88             5.82
440.0    10.00       5.26          53.13             31.92             5.83
440.0    11.00       6.37          54.53             32.76             5.98
440.0    12.00       7.57          52.03             31.26             5.71
450.0    1.00       0.05          49.87             29.97             5.47
450.0    2.00       0.18          53.43             32.10             5.86
450.0    3.00       0.42          53.95             32.41             5.92
450.0    4.00       0.74          52.34             31.45             5.74
450.0    5.00       1.15          54.16             32.54             5.94
450.0    6.00       1.66          54.88             32.98             6.02
450.0    7.00       2.27          46.92             28.19             5.15
450.0    8.00       2.96          49.79             29.91             5.46
450.0    9.00       3.74          50.41             30.29             5.53
450.0    10.00       4.62          54.58             32.79             5.99
450.0    11.00       5.58          48.85             29.35             5.36
450.0    12.00       6.65          50.61             30.41             5.55
460.0    1.00       0.04          45.91             27.58             5.04
460.0    2.00       0.16          54.10             32.50             5.93
460.0    3.00       0.37          46.68             28.04             5.12
460.0    4.00       0.65          52.97             31.82             5.81
460.0    5.00       1.02          54.67             32.85             6.00
460.0    6.00       1.47          52.71             31.67             5.78
460.0    7.00       1.99          56.52             33.96             6.20
460.0    8.00       2.60          50.93             30.60             5.59
460.0    9.00       3.30          52.83             31.74             5.79
460.0    10.00       4.06          53.54             32.17             5.87
460.0    11.00       4.92          53.75             32.30             5.90
460.0    12.00       5.86          54.66             32.84             6.00
470.0    1.00       0.04          46.03             27.66             5.05
470.0    2.00       0.14          50.18             30.15             5.50
470.0    3.00       0.32          48.23             28.98             5.29
470.0    4.00       0.57          52.01             31.25             5.71
470.0    5.00       0.90          49.09             29.49             5.38
470.0    6.00       1.29          47.25             28.39             5.18
470.0    7.00       1.76          50.88             30.57             5.58
470.0    8.00       2.29          50.91             30.59             5.58
470.0    9.00       2.91          48.81             29.33             5.35
470.0    10.00       3.59          49.26             29.60             5.40
470.0    11.00       4.34          51.80             31.12             5.68
470.0    12.00       5.17          55.83             33.55             6.12
480.0    1.00       0.03          48.75             29.29             5.35
480.0    2.00       0.13          52.45             31.51             5.75
480.0    3.00       0.29          48.37             29.06             5.31
480.0    4.00       0.51          46.18             27.75             5.07
480.0    5.00       0.79          50.22             30.17             5.51
480.0    6.00       1.14          45.26             27.20             4.97
480.0    7.00       1.55          48.31             29.03             5.30
480.0    8.00       2.03          51.19             30.76             5.62
480.0    9.00       2.57          49.76             29.90             5.46
480.0    10.00       3.17          49.80             29.92             5.46
480.0    11.00       3.84          55.39             33.28             6.08
480.0    12.00       4.57          53.73             32.28             5.89
490.0    1.00       0.03          48.89             29.38             5.36
490.0    2.00       0.11          56.01             33.66             6.14
490.0    3.00       0.25          50.48             30.33             5.54
490.0    4.00       0.45          51.70             31.06             5.67
490.0    5.00       0.70          50.65             30.43             5.56
490.0    6.00       1.01          47.87             28.76             5.25
490.0    7.00       1.38          49.40             29.68             5.42
490.0    8.00       1.80          52.09             31.30             5.71
490.0    9.00       2.28          47.83             28.74             5.25
490.0    10.00       2.81          50.94             30.61             5.59
490.0    11.00       3.40          46.62             28.01             5.11
490.0    12.00       4.05          47.81             28.72             5.24
500.0    1.00       0.02          48.21             28.96             5.29
500.0    2.00       0.10          48.75             29.29             5.35
500.0    3.00       0.22          46.66             28.04             5.12
500.0    4.00       0.40          48.51             29.14             5.32
500.0    5.00       0.62          51.56             30.98             5.66
500.0    6.00       0.90          52.35             31.46             5.74
500.0    7.00       1.22          54.33             32.65             5.96
500.0    8.00       1.60          45.52             27.35             4.99
500.0    9.00       2.02          49.44             29.71             5.42
500.0    10.00       2.50          48.92             29.39             5.37
500.0    11.00       3.02          49.09             29.49             5.38
500.0    12.00       3.59          50.26             30.20             5.51
510.0    1.00       0.02          54.09             32.50             5.93
510.0    2.00       0.09          46.78             28.11             5.13
510.0    3.00       0.20          46.66             28.04             5.12
510.0    4.00       0.36          44.86             26.95             4.92
510.0    5.00       0.56          47.71             28.67             5.23
510.0    6.00       0.80          48.40             29.08             5.31
510.0    7.00       1.09          47.75             28.69             5.24
510.0    8.00       1.42          54.36             32.66             5.96
510.0    9.00       1.80          48.19             28.96             5.29
510.0    10.00       2.22          49.59             29.80             5.44
510.0    11.00       2.69          50.20             30.16             5.51
510.0    12.00       3.19          52.19             31.36             5.73
