#title u, U -> H, ~h1, ~h1;U, u -> H, ~h1, ~h1;d, D -> H, ~h1, ~h1;D, d -> H, ~h1, ~h1;G, G -> H, ~h1, ~h1
#yName Diff. cross section [pb/GeV]{h}
#xName Z(H)
#xMin 0.000000E+00
#xMax 1.000000E+03
#xDim 100
#---   starting of data ---
#  Diff. cross   d(Diff. cros
# 0.000000E+00    0.000000E+00
# 0.000000E+00    0.000000E+00
# 0.000000E+00    0.000000E+00
# 0.000000E+00    0.000000E+00
# 0.000000E+00    0.000000E+00
# 0.000000E+00    0.000000E+00
# 0.000000E+00    0.000000E+00
# 0.000000E+00    0.000000E+00
# 0.000000E+00    0.000000E+00
# 0.000000E+00    0.000000E+00
# 0.000000E+00    0.000000E+00
# 0.000000E+00    0.000000E+00
# 0.000000E+00    0.000000E+00
# 0.000000E+00    0.000000E+00
# 0.000000E+00    0.000000E+00
# 0.000000E+00    0.000000E+00
 9.118294E-13    4.339500E-15
 9.137953E-13    4.202198E-15
 9.212146E-13    4.100755E-15
 9.261505E-13    4.008596E-15
 9.264304E-13    3.918202E-15
 9.242906E-13    3.837834E-15
 9.254581E-13    3.785350E-15
 9.174319E-13    3.705630E-15
 9.114742E-13    3.635394E-15
 9.037391E-13    3.582782E-15
 8.975048E-13    3.525596E-15
 8.958479E-13    3.488535E-15
 8.801538E-13    3.434712E-15
 8.703227E-13    3.392292E-15
 8.664253E-13    3.365080E-15
 8.516626E-13    3.322811E-15
 8.391670E-13    3.277744E-15
 8.330573E-13    3.256650E-15
 8.186832E-13    3.212894E-15
 8.058318E-13    3.180096E-15
 7.926358E-13    3.142356E-15
 7.846900E-13    3.119523E-15
 7.776385E-13    3.099398E-15
 7.583331E-13    3.048664E-15
 7.502642E-13    3.028769E-15
 7.372593E-13    2.997037E-15
 7.288889E-13    2.969937E-15
 7.104744E-13    2.930041E-15
 7.049582E-13    2.913313E-15
 6.875927E-13    2.881923E-15
 6.768739E-13    2.852691E-15
 6.648643E-13    2.827985E-15
 6.490963E-13    2.787803E-15
 6.377824E-13    2.763975E-15
 6.306156E-13    2.755812E-15
 6.155014E-13    2.715421E-15
 6.079696E-13    2.699052E-15
 5.894883E-13    2.658511E-15
 5.802088E-13    2.638386E-15
 5.641838E-13    2.593293E-15
 5.553412E-13    2.572308E-15
 5.434746E-13    2.548559E-15
 5.322041E-13    2.524021E-15
 5.226385E-13    2.502388E-15
 5.087696E-13    2.467903E-15
 4.964747E-13    2.441615E-15
 4.851677E-13    2.406709E-15
 4.810880E-13    2.406912E-15
 4.663823E-13    2.374779E-15
 4.559484E-13    2.345705E-15
 4.422116E-13    2.306084E-15
 4.393936E-13    2.309445E-15
 4.235266E-13    2.266074E-15
 4.149942E-13    2.243747E-15
 4.096635E-13    2.233702E-15
 3.982218E-13    2.204378E-15
 3.836230E-13    2.164659E-15
 3.820720E-13    2.160575E-15
 3.670948E-13    2.119956E-15
 3.629106E-13    2.116005E-15
 3.552903E-13    2.096937E-15
 3.463524E-13    2.071245E-15
 3.339736E-13    2.037016E-15
 3.281054E-13    2.020225E-15
 3.212548E-13    2.006540E-15
 3.125143E-13    1.979671E-15
 3.044545E-13    1.957484E-15
 2.975948E-13    1.939559E-15
 2.922652E-13    1.924278E-15
 2.814662E-13    1.889563E-15
 2.745125E-13    1.873947E-15
 2.709025E-13    1.865090E-15
 2.567575E-13    1.813459E-15
 2.521144E-13    1.805066E-15
 2.478860E-13    1.790778E-15
 2.441886E-13    1.777415E-15
 2.375604E-13    1.762752E-15
 2.301720E-13    1.736198E-15
 2.214982E-13    1.713479E-15
 2.169865E-13    1.697125E-15
 2.099814E-13    1.666553E-15
 2.063468E-13    1.655916E-15
 2.024030E-13    1.652180E-15
 1.968498E-13    1.628514E-15
