#title u, U -> H, ~h1, ~h1;U, u -> H, ~h1, ~h1;d, D -> H, ~h1, ~h1;D, d -> H, ~h1, ~h1;G, G -> H, ~h1, ~h1
#yName Diff. cross section [pb/GeV]{h}
#xName Z(H)
#xMin 0.000000E+00
#xMax 1.000000E+03
#xDim 100
#---   starting of data ---
#  Diff. cross   d(Diff. cros
# 0.000000E+00    0.000000E+00
# 0.000000E+00    0.000000E+00
# 0.000000E+00    0.000000E+00
# 0.000000E+00    0.000000E+00
# 0.000000E+00    0.000000E+00
# 0.000000E+00    0.000000E+00
# 0.000000E+00    0.000000E+00
# 0.000000E+00    0.000000E+00
# 0.000000E+00    0.000000E+00
# 0.000000E+00    0.000000E+00
# 0.000000E+00    0.000000E+00
# 0.000000E+00    0.000000E+00
# 0.000000E+00    0.000000E+00
# 0.000000E+00    0.000000E+00
# 0.000000E+00    0.000000E+00
# 0.000000E+00    0.000000E+00
 1.394433E-11    6.275263E-14
 1.417970E-11    6.064005E-14
 1.397271E-11    5.795634E-14
 1.395030E-11    5.618140E-14
 1.373286E-11    5.417663E-14
 1.349047E-11    5.230096E-14
 1.345613E-11    5.131578E-14
 1.328072E-11    5.000787E-14
 1.312943E-11    4.898131E-14
 1.290268E-11    4.807804E-14
 1.278756E-11    4.724028E-14
 1.255392E-11    4.645077E-14
 1.233324E-11    4.567351E-14
 1.211369E-11    4.502481E-14
 1.193644E-11    4.445653E-14
 1.168176E-11    4.363164E-14
 1.151255E-11    4.315071E-14
 1.135341E-11    4.265638E-14
 1.113968E-11    4.214032E-14
 1.079322E-11    4.128057E-14
 1.052578E-11    4.065439E-14
 1.035414E-11    4.020591E-14
 1.018509E-11    3.978922E-14
 9.911990E-12    3.920151E-14
 9.754149E-12    3.881533E-14
 9.503599E-12    3.830710E-14
 9.263006E-12    3.769709E-14
 9.062664E-12    3.731015E-14
 8.890741E-12    3.685911E-14
 8.597396E-12    3.622755E-14
 8.457084E-12    3.587331E-14
 8.258749E-12    3.551998E-14
 7.964100E-12    3.483726E-14
 7.799209E-12    3.452812E-14
 7.702368E-12    3.427242E-14
 7.544330E-12    3.396107E-14
 7.267775E-12    3.330919E-14
 7.066299E-12    3.288847E-14
 6.898129E-12    3.246253E-14
 6.741564E-12    3.217493E-14
 6.614606E-12    3.193490E-14
 6.439942E-12    3.152527E-14
 6.247702E-12    3.100080E-14
 6.057005E-12    3.070592E-14
 5.937183E-12    3.030225E-14
 5.757553E-12    2.988729E-14
 5.612549E-12    2.955425E-14
 5.470849E-12    2.921047E-14
 5.308465E-12    2.878875E-14
 5.195907E-12    2.852194E-14
 5.000371E-12    2.805146E-14
 4.881192E-12    2.774543E-14
 4.774159E-12    2.755447E-14
 4.607698E-12    2.710897E-14
 4.518486E-12    2.688076E-14
 4.403034E-12    2.657987E-14
 4.288680E-12    2.626077E-14
 4.157200E-12    2.592346E-14
 4.069585E-12    2.576090E-14
 3.952098E-12    2.540447E-14
 3.822357E-12    2.498433E-14
 3.716955E-12    2.467275E-14
 3.600406E-12    2.443732E-14
 3.498245E-12    2.403587E-14
 3.437546E-12    2.391476E-14
 3.301420E-12    2.353613E-14
 3.219182E-12    2.327099E-14
 3.111831E-12    2.292859E-14
 3.055139E-12    2.273096E-14
 2.938516E-12    2.244242E-14
 2.881167E-12    2.217745E-14
 2.822612E-12    2.214318E-14
 2.696043E-12    2.153555E-14
 2.621857E-12    2.128518E-14
 2.565878E-12    2.120633E-14
 2.504440E-12    2.105694E-14
 2.395541E-12    2.064152E-14
 2.367653E-12    2.050883E-14
 2.249577E-12    1.996462E-14
 2.181548E-12    1.972971E-14
 2.139932E-12    1.967639E-14
 2.079714E-12    1.941510E-14
 2.046418E-12    1.931662E-14
 1.992753E-12    1.909778E-14
