 Mh1   ld345      cs_(fb)   
 65.0    1.0    5.4352E+00 
 70.0    1.0    2.2782E+00 
 75.0    1.0    1.4064E+00 
 80.0    1.0    9.8390E-01 
 85.0    1.0    7.3490E-01 
 90.0    1.0    5.7031E-01 
 95.0    1.0    4.5690E-01 
 100.0    1.0    3.7350E-01 
 105.0    1.0    3.0998E-01 
 110.0    1.0    2.6045E-01 
 115.0    1.0    2.2111E-01 
 120.0    1.0    1.8998E-01 
 125.0    1.0    1.6411E-01 
 130.0    1.0    1.4271E-01 
 135.0    1.0    1.2476E-01 
 140.0    1.0    1.0991E-01 
 145.0    1.0    9.7055E-02 
 150.0    1.0    8.6084E-02 
 155.0    1.0    7.6748E-02 
 160.0    1.0    6.8513E-02 
 165.0    1.0    6.1474E-02 
 170.0    1.0    5.5300E-02 
 175.0    1.0    4.9881E-02 
 180.0    1.0    4.5086E-02 
 185.0    1.0    4.0888E-02 
 190.0    1.0    3.7117E-02 
 195.0    1.0    3.3759E-02 
 200.0    1.0    3.0833E-02 
 205.0    1.0    2.8159E-02 
 210.0    1.0    2.5760E-02 
 215.0    1.0    2.3618E-02 
 220.0    1.0    2.1701E-02 
 225.0    1.0    1.9964E-02 
 230.0    1.0    1.8376E-02 
 235.0    1.0    1.6954E-02 
 240.0    1.0    1.5647E-02 
 245.0    1.0    1.4496E-02 
 250.0    1.0    1.3389E-02 
 255.0    1.0    1.2423E-02 
 260.0    1.0    1.1502E-02 
 265.0    1.0    1.0696E-02 
 270.0    1.0    9.9445E-03 
 275.0    1.0    9.2543E-03 
 280.0    1.0    8.6143E-03 
 285.0    1.0    8.0249E-03 
 290.0    1.0    7.5022E-03 
 295.0    1.0    7.0059E-03 
 300.0    1.0    6.5412E-03 
 305.0    1.0    6.1267E-03 
 310.0    1.0    5.7301E-03 
 315.0    1.0    5.3695E-03 
 320.0    1.0    5.0369E-03 
 325.0    1.0    4.7146E-03 
 330.0    1.0    4.4355E-03 
 335.0    1.0    4.1558E-03 
 340.0    1.0    3.9152E-03 
 345.0    1.0    3.6804E-03 
 350.0    1.0    3.4650E-03 
 355.0    1.0    3.2576E-03 
 360.0    1.0    3.0698E-03 
 365.0    1.0    2.8964E-03 
 370.0    1.0    2.7271E-03 
 375.0    1.0    2.5795E-03 
 380.0    1.0    2.4323E-03 
 385.0    1.0    2.2986E-03 
 390.0    1.0    2.1732E-03 
 395.0    1.0    2.0550E-03 
 400.0    1.0    1.9415E-03 
 405.0    1.0    1.8370E-03 
 410.0    1.0    1.7403E-03 
 415.0    1.0    1.6454E-03 
 420.0    1.0    1.5615E-03 
 425.0    1.0    1.4785E-03 
 430.0    1.0    1.4017E-03 
 435.0    1.0    1.3318E-03 
 440.0    1.0    1.2613E-03 
 445.0    1.0    1.1988E-03 
 450.0    1.0    1.1382E-03 
 455.0    1.0    1.0818E-03 
 460.0    1.0    1.0277E-03 
 465.0    1.0    9.7675E-04 
 470.0    1.0    9.2769E-04 
 475.0    1.0    8.8377E-04 
 480.0    1.0    8.4029E-04 
 485.0    1.0    7.9959E-04 
 490.0    1.0    7.6167E-04 
 495.0    1.0    7.2561E-04 
 500.0    1.0    6.9148E-04 
 505.0    1.0    6.5833E-04 
 510.0    1.0    6.2769E-04 
 515.0    1.0    5.9792E-04 
 520.0    1.0    5.7126E-04 
 525.0    1.0    5.4491E-04 
 530.0    1.0    5.2035E-04 
 535.0    1.0    4.9597E-04 
 540.0    1.0    4.7368E-04 
 545.0    1.0    4.5155E-04 
 550.0    1.0    4.3154E-04 
 555.0    1.0    4.1270E-04 
 560.0    1.0    3.9403E-04 
 565.0    1.0    3.7690E-04 
 570.0    1.0    3.6015E-04 
 575.0    1.0    3.4428E-04 
 580.0    1.0    3.2926E-04 
 585.0    1.0    3.1458E-04 
 590.0    1.0    3.0110E-04 
 595.0    1.0    2.8833E-04 
 600.0    1.0    2.7617E-04 
 605.0    1.0    2.6432E-04 
 610.0    1.0    2.5316E-04 
 615.0    1.0    2.4231E-04 
 620.0    1.0    2.3221E-04 
 625.0    1.0    2.2226E-04 
 630.0    1.0    2.1307E-04 
 635.0    1.0    2.0427E-04 
 640.0    1.0    1.9569E-04 
 645.0    1.0    1.8780E-04 
 650.0    1.0    1.7995E-04 
 655.0    1.0    1.7258E-04 
 660.0    1.0    1.6557E-04 
 665.0    1.0    1.5872E-04 
 670.0    1.0    1.5237E-04 
 675.0    1.0    1.4633E-04 
 680.0    1.0    1.4049E-04 
 685.0    1.0    1.3465E-04 
 690.0    1.0    1.2935E-04 
 695.0    1.0    1.2428E-04 
 700.0    1.0    1.1941E-04 
 705.0    1.0    1.1463E-04 
 710.0    1.0    1.1026E-04 
 715.0    1.0    1.0570E-04 
 720.0    1.0    1.0159E-04 
 725.0    1.0    9.7769E-05 
 730.0    1.0    9.3949E-05 
 735.0    1.0    9.0215E-05 
 740.0    1.0    8.6671E-05 
 745.0    1.0    8.3491E-05 
 750.0    1.0    8.0232E-05 
 755.0    1.0    7.7182E-05 
 760.0    1.0    7.4244E-05 
 765.0    1.0    7.1337E-05 
 770.0    1.0    6.8717E-05 
 775.0    1.0    6.6175E-05 
 780.0    1.0    6.3629E-05 
 785.0    1.0    6.1231E-05 
 790.0    1.0    5.8950E-05 
 795.0    1.0    5.6692E-05 
 800.0    1.0    5.4665E-05 
 805.0    1.0    5.2603E-05 
 810.0    1.0    5.0688E-05 
 815.0    1.0    4.8784E-05 
 820.0    1.0    4.6975E-05 
 825.0    1.0    4.5260E-05 
 830.0    1.0    4.3555E-05 
 835.0    1.0    4.1999E-05 
 840.0    1.0    4.0479E-05 
 845.0    1.0    3.9011E-05 
 850.0    1.0    3.7599E-05 
 855.0    1.0    3.6246E-05 
 860.0    1.0    3.4905E-05 
 865.0    1.0    3.3666E-05 
 870.0    1.0    3.2446E-05 
 875.0    1.0    3.1297E-05 
 880.0    1.0    3.0145E-05 
 885.0    1.0    2.9055E-05 
 890.0    1.0    2.8063E-05 
 895.0    1.0    2.7061E-05 
 900.0    1.0    2.6075E-05 
 905.0    1.0    2.5198E-05 
 910.0    1.0    2.4278E-05 
 915.0    1.0    2.3444E-05 
 920.0    1.0    2.2617E-05 
 925.0    1.0    2.1827E-05 
 930.0    1.0    2.1038E-05 
 935.0    1.0    2.0309E-05 
 940.0    1.0    1.9619E-05 
 945.0    1.0    1.8955E-05 
 950.0    1.0    1.8275E-05 
 955.0    1.0    1.7647E-05 
 960.0    1.0    1.7033E-05 
 965.0    1.0    1.6443E-05 
 970.0    1.0    1.5872E-05 
 975.0    1.0    1.5330E-05 
 980.0    1.0    1.4806E-05 
 985.0    1.0    1.4294E-05 
 990.0    1.0    1.3817E-05 
 995.0    1.0    1.3339E-05 
 1000.0    1.0    1.2891E-05 
